0
1.66868272055243
3.17353908697815
4.50755209226184
5.66574182009535
6.64325160899012
7.40927758513531
8.05235214505146
8.52837325187913
8.80923215242007
8.94564863650303
8.90943178677519
9.08142420282706
9.43169193936724
9.93797774128573
10.6136248144939
11.4575146901505
12.4531100199062
13.5971283034003
14.8977896262992
16.3884555938847
18.0154129512731
19.8137381257781
21.7488040636217
23.8310146077149
26.0815657773895
28.5284276579698
31.0867443718839
33.8228819365679
36.6375408349653
39.5922058869019
42.6276748183226
45.7081873616881
48.9984613526517
52.3702296015671
55.852172659659
59.3421237842793
62.8694699245702
66.461023621333
70.0862705710585
73.6562932107367
77.1754784568816
80.6662152115449
84.0508092748939
87.3649162316409
90.4685183493285
93.3801475075844
96.1635388342795
98.7121194821813
101.04772628694
103.297778970184
105.181351844878
106.867279024264
108.460316048382
109.932444858713
111.192756878429
112.334679097416
113.502125645311
114.680205898125
115.828379801741
116.894976235999
117.905567829603
118.892691202459
119.866417889234
120.950738246832
122.149926512392
123.135849848386
124.02634067562
124.953745884892
125.778520552433
126.644451456572
127.615981219145
128.492942766493
129.341763200052
130.202660848039
131.166955064667
132.102039209812
132.684381119762
133.663680364044
134.396136044964
135.216228186872
135.971713761319
136.705599462291
137.508977031139
138.202597848575
139.029325378261
139.859526138582
140.558410885757
141.22528231514
141.901305478176
142.646477376783
143.446363017929
143.870927176458
144.838295637219
145.433449037752
146.103495300371
146.70754983151
147.331615860075
148.006943396753
148.632568853979
149.272123614005
149.928388091494
150.525658448765
151.127740170838
151.710495123019
152.347531535253
152.919472564144
153.502811094165
154.065957809514
154.547500642246
155.22944777724
155.796584791492
156.244042372335
156.859168095177
157.419188501111
157.823668949593
158.45459995486
158.996174043754
159.520080518736
160.126042094069
160.524051692557
161.022126651581
161.522913163846
162.022404408834
162.578300576386
162.962397249069
163.522117681658
164.005981191384
164.368978783215
164.936047123618
165.248210984592
165.783346861704
166.328772439979
166.606803549666
167.147243892624
167.441033500712
167.887207919142
168.313679954217
168.831997755568
169.068469197247
169.600179357798
169.95460411062
170.356211360113
170.737781973665
171.05458741791
171.500717850893
171.902031660379
172.174394221023
172.622894817049
173.021119434771
173.262372501986
173.728624627806
174.007534698267
174.408820675093
174.77265949935
175.096648289329
175.44162519207
175.704489808625
176.162433825993
176.443380675259
176.697996436239
177.032859505623
177.352362893829
177.684103232117
177.892897013082
178.267923595314
178.430713402107
178.768207357121
179.164810210227
179.44506586406
179.718793827704
179.955785172627
180.107592627764
180.433914582929
180.752552424113
181.004795297056
181.176030008338
181.484929445454
181.789762321469
182.015552362471
182.1981081005
182.485093639669
182.66689889375
182.847023823859
183.142159140719
183.306255009291
183.501512304517
183.630021009745
183.951859144884
184.146293950695
184.281384981726
184.487612405953
184.653368914607
184.825427487277
184.992578308599
185.15102634968
185.295159533865
185.432879332147
185.532802155074
185.797920173921
185.874036677328
185.964859749389
186.058112256613
186.153530638583
186.246718142715
186.311624045357
186.453169183074
186.473551523944
186.613241510801
186.596994036206
186.677910289303
186.745041241987
186.751620718468
186.771431765084
186.782931713432
186.784672249401
186.774754053034
186.750298139487
186.707743955735
186.645826481779
186.60807945649
186.636008723897
186.605670937403
186.582350944194
186.556854243489
186.528620203028
186.49772516592
186.464380608226
186.428900415896
186.391718609206
186.35339584876
186.314602391082
186.276073969259
186.238540503703
186.202630263153
186.137512016466
186.117135425406
186.078884325202
186.041666176779
185.978511841952
185.951790105923
185.913774415715
185.845183024963
185.825775945037
185.787318868131
185.751067803369
185.692844036136
185.664138183366
185.629049705935
185.568392974589
185.548017849106
185.514213554377
185.482950315817
185.431766355589
185.408891953476
185.379640709903
185.352988399288
185.308613485874
185.288939109
185.264572329254
185.242352998654
185.202968107477
185.191317555457
185.17235008309
185.15465466572
185.138999598688
185.125301909198
185.100197151257
185.092243118757
185.082339496369
185.073169619814
185.065336393201
185.058837490772
185.05357942039
185.049469429933
185.046426477606
185.044381044165
185.043273745375
185.043053719742
185.043676847348
185.045103610005
185.047296711883
185.050218479237
185.053827819052
185.058076975563
185.062908373292
185.068251851301
185.074022701708
185.080120842419
185.086431114671
185.09282514361
185.099164768285
185.105306418679
185.111106246773
185.116425597219
185.121136448723
185.125126451412
185.128302931053
185.13059517344
185.131956474124
185.132367614305
185.131820235609
185.130304728656
185.127812288434
185.124335368281
185.119868010379
185.114405996436
185.107947203789
185.10049205928
185.092044664243
185.082614212751
185.072216832093
185.060877438465
185.048631757311
185.035528397206
185.02163080248
185.007019114744
184.991791271559
184.976063032484
184.95996673223
184.943648466136
184.927263046372
184.910966362709
184.894904818169
184.859853976135
184.851908504215
184.83300951647
184.81350801703
184.794743018132
184.757534126448
184.742137674809
184.720135288352
184.698909463044
184.65971083126
184.639486600634
184.615194420814
184.569591495732
184.55206127233
184.525196111637
184.47527481579
184.45774372431
184.428808995407
184.377306188668
184.356445278817
184.326265703001
184.277027486953
184.248828198732
184.189113380254
184.169025013901
184.135555345426
184.084975642403
184.050885799154
183.993239152873
183.963014449485
183.900022974619
183.872579345302
183.806164423072
183.779357870007
183.711718290787
183.683315693897
183.617080896072
183.584690512888
183.523037357491
183.446454367748
183.419981631987
183.349617721209
183.31820488
183.289835602438
183.21357625657
183.123829535431
183.135869862069
183.067889359511
182.972238191136
182.933370490588
182.834169940581
182.820216704442
182.691179430497
182.701796538951
182.592252685811
182.531187038169
182.458749548499
182.376194458261
182.343497036908
182.262188095027
182.189690580288
182.120986357982
182.046370339376
181.970128514964
181.895282068037
181.831029414341
181.751174548079
181.671995424656
181.613338086332
181.421359313474
181.464735641159
181.33819058609
181.321382587604
181.178231658493
181.157212831293
181.006982200599
180.945354063493
180.892529895126
180.75859434924
180.616060772798
180.67724576018
180.472420846987
180.407189887392
180.364458972699
180.283509149973
180.15959005359
179.999114664537
179.983696740918
179.935736391368
179.744511316604
179.750795723282
179.669478058888
179.510638843188
179.49624475568
179.361198438339
179.307154743323
179.199055893542
179.106389926127
179.00811821323
178.849666819059
178.895910935438
178.789924206987
178.720051082592
178.580863846008
178.596396553719
178.451680706069
178.341459281797
178.297858281833
178.23022930735
178.098550951796
178.072251052038
177.934130730423
177.763640772899
177.816062901938
177.751427657612
177.596202126361
177.498054004855
177.398430517326
177.37367355257
177.195460919811
177.241112433356
177.069073347877
177.005642283434
176.948124005337
176.811989480739
176.80270532207
176.642938794429
176.594461295131
176.529166054715
176.393121569969
176.406020233603
176.261807291014
176.100797288009
176.08970588284
175.917775024162
175.905276656283
175.739478530319
175.668386337305
175.611640014935
175.453650689367
175.372963000304
175.271768282231
175.211373852421
175.030957797097
174.954265152427
174.918885220991
174.753843799577
174.703852221894
174.505587076284
174.40594659161
174.285012726627
174.161864799031
174.035399403975
173.906005502654
173.773879153978
173.629614326551
173.566709100766
173.39752641502
173.215252610571
173.090114293026
173.008782702006
172.76931349846
172.694326129419
172.470014777411
172.390460021984
172.135897496511
172.053934858454
171.817859465248
171.723851867683
171.460154543883
171.359126926936
171.129117828657
170.96423847603
170.751725662215
170.5805060108
170.302348234989
170.183961073766
169.871330053396
169.751163822725
169.431125080809
169.309463253211
168.995236745666
168.818279035192
168.589183155173
168.269331526876
168.070468240704
167.817911344705
167.569875634877
167.385762426329
167.065038913342
166.863737592082
166.390901107323
166.195903488506
165.81879511422
165.532790265456
165.225621318637
164.996060269963
164.673524885923
164.348084467285
163.912358521255
163.652828522705
163.30065871003
162.998216700363
162.689485575052
162.304105797521
161.962576831352
161.577828874581
161.225910503913
160.792531372475
160.487133071611
160.023621777392
159.551046162945
159.280275895304
158.890875269605
158.471037709595
158.043869399703
157.614813171637
157.184419726805
156.752623706423
156.318560233777
155.880264413804
155.358017212783
154.891619913158
154.374341508117
153.995350343437
153.532895219701
152.881297112431
152.527291175623
151.985903997526
151.517638376255
151.024459774622
150.497829614165
149.959783765013
149.389795728384
148.924845300221
148.392479381366
147.838089594905
147.257765950953
146.742670101724
145.751670817922
145.569053492932
145.023054825307
144.453930538644
143.839383744078
143.27059818404
142.588136470191
142.039589168614
141.456598610338
140.691561750893
140.115212339757
139.602563948218
138.960624514707
138.240929630871
137.461218657189
136.803662364454
136.304652075906
135.598959759671
134.955881377947
134.286361052102
133.578089376649
132.82620607015
132.280924877435
131.500679038584
130.794467812913
130.058128608108
129.378915913582
128.555230100964
128.003447645986
127.053867648281
126.475959328654
125.741096236676
124.980049211564
124.14914203215
123.428736353171
122.652706657047
121.909379812134
121.032784663494
120.344341958811
119.598429463096
118.873612562581
117.914420077072
117.041129254981
116.243877734514
115.497525502617
114.702152797031
113.877160522712
113.045162105701
112.234656916046
111.394822483158
110.480771224059
109.597193861701
108.746081734796
107.839537168826
106.982026446887
106.187077614301
105.395026544727
104.574836227153
103.611381230794
102.724314805968
101.831942095682
100.913947798418
100.031682088182
99.1645964678291
98.2126241463092
97.228001569626
96.3393667499801
95.4585349467219
94.5530523857844
93.5003376565194
92.5722822080825
91.6677572846288
90.6913216296444
89.7035697500386
88.7912965215956
87.8656099060426
86.7981902081437
85.8652345553588
84.981231954262
84.0676753503128
83.1140206891352
82.1346827243905
80.9891701432999
80.0073287641603
79.0327771799517
78.0441809831423
76.8805395260529
75.922757604943
74.9070287584346
73.9506765793856
72.9763599490309
71.939544191004
70.9612084144386
69.9793294537339
68.9534260500097
67.918025019216
66.8059715210687
65.7613266612226
64.6726349291829
63.6492901897964
62.6249288292371
61.6336347405748
60.632471165251
59.6357469658701
58.622068121377
57.6238189543822
56.6352468433879
55.6347528651281
54.6408965427968
53.7352852162054
52.7784271427626
51.8038661975128
50.8251123894384
49.8563006418947
48.8971995908687
47.9357910635424
46.9903438010985
46.1008019367315
45.1878664148562
44.3141652671345
43.4309735319562
42.55783602358
41.6947451577212
40.8679364224572
40.0448061098187
39.2527905341048
38.4728733315238
37.7148226058371
36.9846041349348
36.281812928985
35.6133782108983
34.9756577080436
34.3679758359041
33.810503136829
33.2919093569787
32.820351763858
32.4273050211053
32.1071044324593
31.8279725316941
31.6405499574288
31.7261273262846
31.9622661031475
32.249085445027
32.5850314072754
32.978529270429
33.4089374438546
33.8772597533535
34.3733963020742
34.8963690297518
35.4442038433921
35.9952258919662
36.591371674247
37.2026251638228
37.8031128086259
38.431713112819
39.0877757446245
39.746708686457
40.4109973710808
41.0774416166071
41.7181293024135
42.3662254957358
43.0039753344902
43.6236164687475
44.246364155602
44.8453360148435
45.4145399415562
45.9546613009216
46.4660374111211
46.9703298621076
47.4536709117197
47.9227799538479
48.3715537244489
48.758503273224
49.1824815467857
49.6224460962486
49.8937917835724
50.0905709574365
50.2904687053663
50.4297600225721
50.5735669949968
50.6623340635799
50.7586833012931
50.8169516834119
50.8634348827429
50.889162761031
50.8776229325004
50.8707878939661
50.8608315491798
50.8370847803714
50.8221946773079
50.7608374906041
50.7465402208076
50.6388507979706
50.5675271944319
50.5125730849555
50.4249526054492
50.3319109655808
50.2350561079525
50.1268532601127
49.9652733535208
49.860687073362
49.8033561080713
49.6738578797941
49.5236300884337
49.3742625764728
49.2272353147079
49.0758404091517
48.8915124433486
48.7485032888962
48.5908895482677
48.4359625245868
48.2731296788727
48.105790700883
47.9241476125776
47.7443770131711
47.568505384727
47.403482831419
47.1783707089085
46.9870252332378
46.7980199596958
46.6125125130098
46.4475196730873
46.2540795802817
46.0799822249346
45.899036048917
45.7211021076608
45.5369327042927
45.3562819582559
45.1647096297794
44.9812634020953
44.8038086785215
44.6420457919538
44.4399931918109
44.2535396724699
44.0852769475656
43.934990086283
43.7748191009842
43.6063279760261
43.4392886954912
43.2793977485996
43.131677494988
42.9511900123177
42.7936619839767
42.6502073271196
42.5005224658113
42.37265381886
42.2396620443293
42.105042978018
41.9905540737454
41.850797164159
41.701792879959
41.5987012980012
41.4933231559402
41.3809913708141
41.293118178184
41.166068599599
41.0534017864181
40.9743347253136
40.8507423843922
40.7537184507603
40.671160088562
40.5719133196598
40.4972146496278
40.4489449549501
40.3670477751405
40.3106067136576
40.2330369260755
40.1538803417414
40.0809469723519
40.0085280981539
39.936734065519
39.8929546915495
39.8227467664047
39.7761647912529
39.7121835055781
39.6468205924803
39.5916384888231
39.5329776849465
39.4868285473312
39.4305644685325
39.3910276138305
39.3345722488976
39.2931841332273
39.2657489469995
39.2121555672236
39.1846357505915
39.1464336201301
39.1032475965063
39.077433361853
39.0562865545406
39.0257533502967
38.987038121317
38.971544083354
38.9664062900709
38.9348518757692
38.887472419396
38.8926572518542
38.8533231422999
38.8578343169032
38.8384493882638
38.8134308604452
38.8058964971041
38.7765118319401
38.7835014308323
38.7604246803058
38.7447793861174
38.7355238889205
38.7283390258809
38.7008137457284
38.6979763256022
38.6898403064977
38.6894781640233
38.6768818416626
38.6594067670575
38.6695844441466
38.6507098787239
38.6210898092379
38.6301646245166
38.6390886189199
38.6297765237354
38.612911172696
38.6091813269587
38.6057261985359
38.585397808
38.5746109462222
38.5753760616101
38.5765259133739
38.5713060788659
38.5657454742775
38.5585787819388
38.5317202424905
38.5412168514945
38.525452560801
38.5307614605441
38.5326935766995
38.5169004925755
38.5186360472018
38.4946705116536
38.5064210610345
38.5019536046223
38.4810323537204
38.4928462156185
38.4929413626266
38.4704319392957
38.4477479561964
38.4515965906107
38.4510449533035
38.4484915812669
38.445351497092
38.4383486673473
38.4203584916275
38.4382170168187
38.4198706882824
38.391161305349
38.3999072401037
38.3888299688027
38.3886596157875
38.3880876273402
38.3833742896542
38.380168626068
38.3568537475638
38.3720973168698
38.3622668472994
38.3542819757059
38.3520304227501
38.3303501437301
38.3419110259895
38.3406896699553
38.3188978564101
38.2925586981494
38.2978742537236
38.2956993973714
38.2929374858095
38.2903749784323
38.2820536522087
38.2630485390122
38.2794180881004
38.2623932978954
38.2340874126836
38.2355315305454
38.2314262971484
38.2192591124643
38.2239314963268
38.2211618484022
38.2137833309148
38.2065897056439
38.1950825909943
38.1870962969026
38.1794437252677
38.1730057548996
38.1657109690632
38.1613667810667
38.1525983053479
38.1503685139428
38.1393275137606
38.1389020775518
38.1254553790445
38.1263140122667
38.1107231430077
38.1122952500805
38.0950579174164
38.0968297199401
38.0684272965989
38.0796892808939
38.0735041036362
38.0579953348181
38.0570774445373
38.0384336208817
38.0517209415323
38.0296323517455
38.0252416654489
38.0172118064157
38.0130266483333
37.9998047919674
37.9964185239104
37.9840189000287
37.9825633057696
37.9692942651292
37.9694140953406
37.9544562125012
37.9555901125193
37.9388478876031
37.9404230214537
37.9104219846739
37.9257864221864
37.901907039648
37.924345366173
37.896532038799
37.8755197398141
37.878935728092
37.8594870559313
37.8843377134052
37.8566423915817
37.8509351185086
37.8517580315142
37.8340012523865
37.8018128533742
37.8107905390631
37.8128143212528
37.8025501345337
37.7946621310068
37.7610671528994
37.771408452237
37.774907532621
37.7745683629168
37.7519489036466
37.7532886815591
37.7307699986918
37.7356876160695
37.7235113871931
37.7028937434378
37.7149430682271
37.6962107415621
37.6732448463795
37.6617998285652
37.6616164042946
37.6593697500867
37.6483848899278
37.6480046584
37.6310792303141
37.631137790145
37.5982167035321
37.6140084480528
37.5922368055391
37.5957466736246
37.5717959084924
37.5771499424776
37.557694259076
37.5371643346341
37.5573010220272
37.5281010859475
37.5116272078428
37.5325987468504
37.5030578366631
37.4848203542315
37.4870429614155
37.4638790634033
37.446609162819
37.4694068159811
37.4377141215667
37.4238038476895
37.4105939480855
37.4324602679508
37.3968375213303
37.3719801490718
37.4011095836175
37.3643082575376
37.3456870723614
37.3439994759173
37.318783003543
37.3203704079157
37.3050482096556
37.2887860506936
37.2792866687447
37.2914519390962
37.2590179508708
37.2429964829722
37.2271657815824
37.2502809256692
37.2136653847117
37.1924869717663
37.1926257606233
37.1679333876024
37.1527633141651
37.1621386395722
37.1324940225664
37.1119837621526
37.1397334799135
37.0999410422813
37.0797705935199
37.069028963717
37.082830745526
37.04883711604
37.0296641925063
37.0164003565822
37.0255546878273
36.9935770757029
36.975936378276
36.9741431248198
36.9490163284801
36.9328560202874
36.9420845476973
36.9056751647335
36.8914680077224
36.8989617421486
36.8750919785764
36.8444717406236
36.8454883569487
36.8280792080044
36.7929440566174
36.7955451350173
36.7922942853043
36.7751368240212
36.7602401574119
36.7282742147432
36.7275046484287
36.7184392599596
36.7077275621392
36.6829601528973
36.6993284600172
36.6673454146377
36.6389131626381
36.637697240879
36.6105300832847
36.6248567113633
36.594443788464
36.5786838554333
36.5708186472855
36.5524076974599
36.5188634241574
36.5208416324847
36.5091449392139
36.4912516515203
36.5116433612391
36.4785293346109
36.4541849368791
36.4548123634299
36.4243829646292
36.4208438353447
36.3875602950417
36.3945496186014
36.3834468201277
36.3587715475032
36.3595729012437
36.3285851507983
36.3309266041799
36.30087370855
36.2718506641301
36.2707081212559
36.2552146143685
36.2369308089917
36.2448650797697
36.2256546654508
36.2242985454744
36.2006314198611
36.1862392068393
36.1912746027639
36.1659720892606
36.1489125902329
36.1461644453609
36.1376246345542
36.1148718619145
36.0967845976394
36.1128214378734
36.0826102777356
36.0642055236355
36.0742000901949
36.0417239359051
36.0450369561013
36.0094120373925
35.9889552231976
35.990649005195
35.9854519656287
35.9762315664834
35.9603076693915
35.9642559972167
35.9614910510189
35.9369418873235
35.913812357097
35.9171327311169
35.9060320480745
35.8945639345299
35.8641313126398
35.8736409844176
35.8593813724529
35.8765904070131
35.8489579231194
35.8315119082941
35.852367028563
35.82072187288
35.8027406814384
35.8132428877485
35.8154329688887
35.7895577006097
35.7746259482126
35.7761036560329
35.7570559424287
35.7423464393851
35.7653919121192
35.7407229491778
35.7242077652803
35.7356619066703
35.7091949448898
35.7181527202469
35.6740916258933
35.6832108645464
35.6863490778232
35.6783021157403
35.6699108527679
35.6417296277013
35.6540777059748
35.6530946612543
35.6524365795874
35.6321140819158
35.6400436286298
35.6230432356487
35.6163154754781
35.6278448402499
35.6080336707893
35.584258690467
35.5926975831175
35.5952241101792
35.5866989295343
35.5573539225756
35.570535432906
35.5655356563484
35.5632851689089
35.5645182614967
35.5567104904368
35.5309235694014
35.5380621246763
35.5354559238389
35.5293252384749
35.5296013652621
35.5302772872355
35.5260844344178
35.5118239783182
35.5285927535067
35.5119172588976
35.4941276333382
35.4983673690474
35.5018724721628
35.4988786182073
35.4951742169277
35.4680889539115
35.4806346669684
35.4726910767836
35.4743090721304
35.4776576910001
35.4729479934747
35.4680029730443
35.443728302374
35.4577981328283
35.4603492415432
35.449101273327
35.4552608708244
35.4266128706204
35.4422738564768
35.4450676399133
35.4337830122148
35.4407651659346
35.4125770865231
35.4281172842098
35.4308549109275
35.4208212591175
35.4170582543385
35.4367928411529
35.4272606139088
35.4198532718329
35.4138068468801
35.4134244604916
35.4239215071196
35.4151632314182
35.4069389963956
35.402950260815
35.4077693505232
35.4023764024018
35.3955368995799
35.4048883585405
35.4082489118148
35.3962198022534
35.3876004482873
35.3939115605725
35.3913372242562
35.3826823089151
35.3869480998777
35.3925069320459
35.3835859469902
35.3755060599578
35.375291665742
35.3846692929777
35.3759536997947
35.3673407600649
35.3731734785396
35.3774674369583
35.3669548638045
35.3533451442768
35.3830282967608
35.3597992763662
35.3618248782042
35.3661967596591
35.365563999957
35.3568747158432
35.3527985147442
35.3603325081418
35.3531844837054
35.3435802644904
35.3586995938072
35.3525148026626
35.344161062631
35.3442811269061
35.35201273801
35.3456595754708
35.3377129357605
35.3399784268844
35.3466915028294
35.3401527456302
35.33242517293
35.3344936257967
35.340918368868
35.3346940493239
35.3270841130613
35.3286734842612
35.3349610738445
35.3287313288994
35.3210679195808
35.322886322877
35.328907850525
35.3220016790735
35.3138018051597
35.3175970702051
35.3230061721711
35.3143097887458
35.3043654331806
35.3161524707219
35.3084041328565
35.300658496924
35.311465362544
35.3110106638895
35.294102237895
35.3055711924277
35.2712325193521
35.2788932986403
35.2839768532004
35.2854222142946
35.2822341370419
35.255222317996
35.2703966572271
35.2749280138261
35.2616821966266
35.2676667487639
35.2396908728021
35.2551260390903
35.2606116891178
35.2383937629005
35.2525635711074
35.239507134731
35.2435789762819
35.2310750903795
35.2363656358862
35.2065520799877
35.2197339865438
35.2150071032027
35.2128533717347
35.2148614578944
35.2087436626083
35.1823428576349
35.1886076756194
35.1746346960306
35.1823356534549
35.1838459911148
35.1849407095265
35.1631537612535
35.1794051632768
35.1576585735203
35.1513754225357
35.1525086780221
35.157869594432
35.1406500236248
35.1258298577281
35.1088622002331
35.1367993508409
35.1086658539985
35.0945175489659
35.0852453251883
35.1004078447192
35.0785375176072
35.0625407257752
35.0626635716121
35.043777648334
35.029705330679
35.0490575428884
35.0247231521661
35.0077303250049
35.0144785293853
34.9877237108543
34.9681798753753
34.9913646101274
34.964593519155
34.9496921224317
34.945042032507
34.9251817123322
34.9176417149063
34.9100833243452
34.9214578953379
34.8951552345426
34.8763320536838
34.8625835823072
34.8280181540883
34.8349323695928
34.8347916812393
34.8043314576988
34.78034848341
34.7839951201327
34.7735457510008
34.7599770975633
34.7765123439466
34.7422820967564
34.7197865601666
34.7219805688529
34.6958932093571
34.6691430220247
34.6876128856371
34.6625974868805
34.6372201968701
34.6378996760849
34.6127008269501
34.5933788087053
34.5572936400436
34.5631082654627
34.5471068556122
34.5144647654039
34.515166741602
34.4904523078182
34.5181222475469
34.483937260977
34.458478351977
34.4358918698654
34.4201233706085
34.4072038631727
34.387843797974
34.3583107651695
34.3521083614994
34.3373115021944
34.3050454626746
34.3036453404688
34.2739055090261
34.2897672169608
34.2580184702963
34.230870130457
34.2257790862905
34.1909476538515
34.1680674888971
34.1630710503898
34.1566072529963
34.1317916544992
34.1120123131721
34.0946963264467
34.0630064404545
34.0556863793698
34.0340870974756
34.0155308893835
33.9977757501764
33.9631720064136
33.9660178648321
33.9259850215814
33.9467060335117
33.9143010415042
33.8841724394471
33.855826317457
33.8876296989046
33.8458165535674
33.8169056756613
33.7954491724685
33.7635287425082
33.7427004852578
33.7651733393158
33.7280935197241
33.6985240601259
33.6817288839298
33.6514540684421
33.6257696020035
33.6551481582025
33.6140879081016
33.5854364202966
33.5626446055309
33.5473410741567
33.5230558857007
33.4987527802182
33.5019703062511
33.474884403973
33.4820411154754
33.4444890269973
33.4159392786341
33.3843073428064
33.3613691145059
33.3293305040002
33.3273490042189
33.3080916633301
33.2863929636956
33.2685246164042
33.246171782396
33.2514826643463
33.2204536482641
33.189924216444
33.1679547100777
33.1775326024796
33.1439795427829
33.1201728338125
33.100246914636
33.0823836088711
33.055318384638
33.031756953984
32.9993308891074
33.0011059852624
32.9830922626735
32.9523136680395
32.9474083351421
32.9265863536353
32.8984646058887
32.8961606092159
32.8673311974212
32.8384749606992
32.822859808083
32.8198867583667
32.7994933677061
32.7751004539745
32.770216090285
32.746165074943
32.7271529926166
32.7025120820624
32.6873812450279
32.669664344198
32.6458120592776
32.6313385392938
32.6174199926916
32.5959857880654
32.5818117360207
32.5634590530883
32.54231423009
32.5236667087978
32.5124508523627
32.4912256549577
32.4674736334158
32.4529574140949
32.4367868924794
32.4462107655498
32.4166598001979
32.3976424856706
32.3740194141351
32.3558804326597
32.3419940673854
32.3279468320183
32.3054303870959
32.2901279515739
32.2879021903632
32.2587142284729
32.2380043180011
32.2320799338948
32.2081991674039
32.2203197271618
32.1926038378583
32.1727084508308
32.1574636798585
32.1261136991451
32.1283614455656
32.1112851235873
32.0924199246422
32.0823283291134
32.0701719679374
32.0463756711872
32.0430854277816
32.0279642944213
32.0024116085861
32.0012746457995
31.9867800377795
31.9628027710428
31.9671311083128
31.9350410263479
31.9551611952811
31.9287682465397
31.9097145473653
31.8972877968226
31.8933286016919
31.8702262006194
31.8713214161299
31.8416698934556
31.8273360049154
31.8249435802626
31.808752523039
31.8268617559164
31.80109746192
31.7845579300516
31.7818188021382
31.7621961320146
31.7421009670314
31.761879712792
31.7365414427873
31.7207205556035
31.7326806829344
31.7094320327263
31.6904352684556
31.7065884632361
31.6853263333817
31.6651989287643
31.6856271564418
31.6682704770029
31.6450086472196
31.6435185590158
31.6356262081486
31.621121171404
31.6293010653059
31.6106333514141
31.6096823937061
31.5929736641225
31.5776769517146
31.5978398175728
31.5775737108654
31.5674720593913
31.5681729141504
31.5537130646881
31.5433512144631
31.5689173793959
31.547281093413
31.5322511214789
31.5435372568153
31.5268432276798
31.5273127810619
31.5118107777201
31.5009146265286
31.5228500629165
31.5094035327148
31.4959339815379
31.4991455518352
31.4916747742185
31.4865263866765
31.4916409572146
31.4779152382541
31.4849345994294
31.4562736997427
31.465365213668
31.4700838601251
31.4630938997397
31.445848336464
31.4538511114855
31.4584833412485
31.4543444348409
31.4338649931
31.442988512216
31.4476730491528
31.4365600001792
31.4533239717193
31.4413544672407
31.4275567105416
31.4597236912052
31.4378851193166
31.4369683680012
31.4151485494609
31.4269130737101
31.4230822823162
31.4187594685761
31.4213268153537
31.419912949738
31.4103096111663
31.4151157087283
31.413943374654
31.4236319932925
31.4171019982205
31.4130261023569
31.4201894494286
31.4130469769618
31.4044616468414
31.4265549661188
31.4120443211003
31.404946408529
31.4161802942818
31.4064143731529
31.4014972200554
31.4141665169586
31.4039429771817
31.3988323769271
31.4083061869502
31.4010218901157
31.3960709722269
31.404586147418
31.3976063741975
31.3909376006978
31.4066282536417
31.3955746660915
31.3904049697453
31.4004514233694
31.3921243257903
31.3883702364411
31.3972873619532
31.38962213327
31.3861143758448
31.3946950725879
31.3874759390335
31.3839173657361
31.3923772867799
31.3856530223505
31.3819068005417
31.3902659122658
31.3841773674234
31.3801469300166
31.3883647175419
31.382751611414
31.3778271417734
31.3882485108662
31.381874160102
31.3772599104133
31.3859701023379
31.3809580676891
31.3758799708186
31.3853183144098
31.380305741347
31.3749398197606
31.3843112909447
31.3796657463914
31.374052184771
31.3832298938902
31.3789721235483
31.3730861266112
31.3821558812139
31.3781451024921
31.3719929986057
31.3810980455029
31.37708399859
31.3706859073761
31.3800783764925
31.3756822580113
31.3690780753541
31.379132947418
31.3738930801224
31.3671529050508
31.3782585122383
31.3717042552458
31.3649095855044
31.3774633642749
31.3691436373846
31.3623813131403
31.3765804555639
31.3667405615094
31.3615585052426
31.3712978373268
31.3634339668491
31.3591840348848
31.3679175388952
31.3603460908415
31.3562632962292
31.3647197374738
31.3570908955543
31.3530777271891
31.3614709513797
31.3536296446741
31.3497292642781
31.3581209798032
31.3499871409979
31.3462830619801
31.3546632473025
31.346186352186
31.3412368368305
31.3537974684727
31.3434103075436
31.3376864020477
31.346988510219
31.3394650513028
31.3339700454712
31.3424452933982
31.333915329951
31.3219922519411
31.35365159524
31.3351071021132
31.3343485612872
31.3095168889524
31.3180908943664
31.3191186634236
31.311841030938
31.3164172252433
31.3181018904367
31.2991065670222
31.3083928493354
31.314017347374
31.3060084354234
31.298726069925
31.3045718436322
31.306268943428
31.2957702906798
31.2933361339131
31.2969965578934
31.2888838897145
31.3054722745894
31.2941444247825
31.2858546863458
31.2951318726031
31.2865219842841
31.2737638455596
31.301149294475
31.2808968269024
31.2685581104074
31.2906305153009
31.2724672890484
31.259994841611
31.2831121983654
31.264959046407
31.252838017375
31.2767635872431
31.258064821282
31.2488757615688
31.2555444637583
31.2465256459184
31.2573530140447
31.2430704531155
31.2454175667684
31.2335508622707
31.2394784273291
31.2128804652455
31.2249609872722
31.2272855568504
31.2036395919551
31.2128620145044
31.2177562877736
31.2090820692852
31.1970172891432
31.2007879964004
31.204708878163
31.1976327472688
31.1807491168532
31.1869248760232
31.1904626554705
31.1770654624358
31.1947433000523
31.1764907748188
31.1687225223663
31.177395560355
31.1801109645509
31.1621219215858
31.1560888874753
31.1462097788483
31.1538627530508
31.1378415899626
31.1295344754206
31.1347775467477
31.1207364823735
31.1409681212627
31.122756781574
31.1151508832908
31.1095638555955
31.119535616001
31.1005122088676
31.0857126643809
31.1143917683985
31.0897935979043
31.0763047568031
31.0833328099521
31.0650152906646
31.0706625793232
31.0396674627953
31.045524560671
31.0484209819354
31.0330866278776
31.0150492893084
31.0186130392386
31.0204460934027
31.0095073230151
31.0043169535721
30.9819423997942
30.9850539406341
30.9872893759968
30.9625118683481
30.9790844664266
30.9608345018262
30.9464901530041
30.944665316602
30.9345745143528
30.9138848296177
30.9164166903982
30.9019130177025
30.9133607786038
30.8954709513153
30.876726635395
30.8972369656039
30.881203593196
30.8574414007577
30.8430613042109
30.849141306015
30.8295249667444
30.8146405375562
30.7965330824538
30.7911499551538
30.7822690411533
30.7681667276516
30.7839820557461
30.7579236406054
30.7447433827838
30.7211613540761
30.7251698035787
30.6968716624507
30.6801162554867
30.6780867283487
30.660539423355
30.6819641026732
30.6525305260075
30.6343017783894
30.6203382247376
30.6002584730523
30.6101138390939
30.5985166401027
30.5694561471577
30.5544510633382
30.5315304041945
30.5161256625823
30.4940395577098
30.4945553663534
30.4774579648975
30.4822672458446
30.4578651235855
30.4397314546158
30.4233422599585
30.4012679492936
30.3895556860438
30.3697545323929
30.3956335599899
30.365681660261
30.3418926784254
30.3209250472429
30.2937296661423
30.284303020248
30.2776488804043
30.2529577873035
30.2330463387524
30.2429629284064
30.2183043233345
30.1985568161403
30.1754906799446
30.1598685823772
30.1380838388804
30.1224449665588
30.1092973329726
30.0901526744069
30.0772104713982
30.0576487449582
30.0432501272993
30.0200339072383
30.0053614960091
30.0048902300979
29.9806004011357
29.9687908754383
29.9457564123276
29.9284912833549
29.9116519338235
29.8914590347639
29.8714636364091
29.8554248725477
29.8395490862313
29.8230182826596
29.8044816164418
29.7732435462168
29.7639476959245
29.7556633985677
29.7301809688943
29.7108782205089
29.7179986791937
29.6946286470764
29.6717927549044
29.6606529021186
29.6285525210902
29.5937599289892
29.5853310746578
29.604813919576
29.573550187232
29.5495099997848
29.5253988027594
29.5034197558608
29.4900933927938
29.4620214356218
29.4399745614388
29.4359685426474
29.4210423505374
29.3959141531119
29.3757675046115
29.4018493010354
29.3728607598457
29.3467554916411
29.3250756571996
29.2998396024445
29.2851606582425
29.2639594716058
29.2659285341111
29.2419097458519
29.2190195343618
29.2027502520184
29.1832280754961
29.1658972078875
29.153090999392
29.1357194801512
29.1004909831406
29.1073057049195
29.0786799786912
29.067290391599
29.0541139516284
29.0440681299577
29.0133859514581
28.9957050949339
29.0135759945275
28.9854440694351
28.9543720889789
28.9665634277587
28.9433219859517
28.9196420558038
28.9055166575715
28.8684929849155
28.8607440429508
28.83155941594
28.8077860812252
28.8338409506781
28.8083014839365
28.7894688682535
28.7716228614893
28.7539567819885
28.7396857606924
28.7242010059447
28.6935104387431
28.684486019931
28.6988809385299
28.6718400014618
28.6426894766248
28.6579030623233
28.634917943646
28.6125628643335
28.5954344081562
28.5723986793468
28.559141246947
28.5517106149934
28.5331454123954
28.5219728139338
28.5041728004841
28.4879269048979
28.4647469049534
28.4610178418248
28.4464512779954
28.4342454284999
28.4166209071434
28.4060563252168
28.3881416908585
28.3658874823798
28.3618864430922
28.352399182813
28.3373100840698
28.3155485684591
28.3324211632606
28.31548221948
28.2958699613732
28.2782932862537
28.254142443997
28.2405514765814
28.2676077298076
28.2440944793639
28.2211759168547
28.2024518246687
28.2068906637513
28.1905986459999
28.1723812938868
28.1577520211188
28.1513193249724
28.1382833624945
28.1206362276147
28.1098786968449
28.115447364536
28.0976998103428
28.0785458534856
28.0693615469653
28.0663435488178
28.0493578867108
28.0334227258083
28.0438828596335
28.0317204439278
28.0169912091651
28.0079079287969
27.982830432901
27.9869862858337
27.9743428333337
27.9652501713175
27.9729230309625
27.9548001494716
27.9357286094252
27.9541923722061
27.9348281303231
27.9242961671248
27.9098380445492
27.8985077360057
27.891359911107
27.8907689318579
27.8843322021673
27.8750505678783
27.8698918833449
27.8659152578956
27.8549264129454
27.8537230488573
27.8507639148227
27.8341814083076
27.838387303124
27.8293568810932
27.8400326908441
27.8266265175412
27.8113615607773
27.8341624747763
27.8225459593715
27.8070269572745
27.8084162943109
27.7990101529096
27.8059665853232
27.7867792029147
27.7836041342309
27.7873606311191
27.767614304804
27.7806297394132
27.7721267068127
27.7800530002299
27.7569011164727
27.7623309548781
27.7688077046218
27.7633650840563
27.7592900139568
27.755407907667
27.7575398521323
27.7506593132276
27.7508605178024
27.7543459586058
27.7410242260691
27.7464302690967
27.7429741234846
27.7563470945534
27.7473377091162
27.7409373016663
27.7527876578943
27.7433005792003
27.7410993474538
27.7386157278337
27.7304589660571
27.7504171286396
27.7361126693782
27.7376696539645
27.7200308451205
27.7289005316459
27.7242959142049
27.7287542079413
27.721067044783
27.7206998324815
27.7269065602411
27.7192761852944
27.7202071341019
27.7209392086575
27.7159926976717
27.720365790164
27.7161917916503
27.7120534669761
27.7181262084384
27.7132322828106
27.7104629845463
27.7133787758206
27.7093556449612
27.7106134837705
27.7056460969609
27.7114255040258
27.704365798642
27.724537538471
27.7086114945481
27.7145835495801
27.690622742389
27.7030611322379
27.7020360509732
27.6998094204687
27.6987173455003
27.7006049439103
27.7064227744508
27.6893352180797
27.6953300079413
27.696553464442
27.6965425961392
27.7033362539501
27.682285977581
27.6924946123151
27.6919949191122
27.6873600901783
27.691717706968
27.6856528519605
27.6908151677192
27.68599766869
27.6824965671404
27.6879949853282
27.6822206157203
27.6828302319891
27.6788805122741
27.6849531250428
27.6778887737078
27.6948008430969
27.6801207584563
27.688705958288
27.6627405977885
27.6716979145738
27.6681772085178
27.6734371842323
27.6698930261537
27.68023468839
27.6582551158807
27.6614105506449
27.6627146273914
27.6702797897009
27.6610329769195
27.6637499459528
27.661296118982
27.6673722778614
27.6590200467892
27.6741976884237
27.6632446142341
27.6554548300912
27.6679310845649
27.6692081699056
27.6568405597528
27.6623081816171
27.6565054311713
27.6503141714572
27.6614146132018
27.6514884471832
27.6516162621254
27.6535487257541
27.6527590299889
27.6486448796024
27.6438791055071
27.6555513225326
27.648891787048
27.6488012245504
27.6438633582438
27.6431836781404
27.644883355887
27.638559796438
27.6496649587687
27.6405344539843
27.6435923558376
27.6384978073688
27.6383498282548
27.6402215471605
27.6348366219127
27.6435652010154
27.6345154521859
27.6399238553103
27.6348391190985
27.6348243643563
27.6375333964788
27.6317351032982
27.6402979517935
27.6317063899839
27.6364101920346
27.6339852555035
27.6315802319679
27.6383849660599
27.6307155428274
27.6366113803245
27.6324686265376
27.6325464839898
27.6368061880647
27.6299870018766
27.63776629017
27.6322721066993
27.6333777912345
27.6365886053863
27.6301440511589
27.6393802700698
27.6329015608417
27.6339717421736
27.6383693463982
27.6324513103761
27.6390322578057
27.634136635745
27.6356725327474
27.6396719226117
27.6332793192559
27.6402441366972
27.6361605045981
27.6369409974336
27.6402224612152
27.6332970061178
27.6434408577773
27.6378073312711
27.6367861135311
27.6421657414211
27.6350788955337
27.6426325328012
27.63830355174
27.6375879206067
27.6427844229535
27.6356320026239
27.6424981322848
27.638177195726
27.6371906858796
27.6428981970272
27.6356594218088
27.6414480213219
27.637177653036
27.6360941537995
27.6420228694689
27.6348608373426
27.6399290483368
27.6352939430611
27.6343931362625
27.6399097036079
27.6332532974005
27.6382071079699
27.6326178383622
27.6330852850277
27.6350158932078
27.6291318231622
27.6383147692685
27.6292453000822
27.6331636639965
27.6300470185014
27.626410047236
27.6352053463179
27.6276387179081
27.6309239113838
27.6255100278676
27.6255496812697
27.6269126044009
27.6213317140283
27.630716959053
27.6213410506756
27.625910210162
27.6202139855824
27.6196761570485
27.6207755692947
27.6146458778394
27.6255533065943
27.6169710513015
27.6195366612219
27.6132882560147
27.6132446199242
27.6130312170649
27.6084501838605
27.6165298652942
27.6108191797454
27.6130891125299
27.6046266912283
27.6100239655706
27.6043565651891
27.5982273319795
27.6092780086566
27.6076686736377
27.6037715018907
27.5954127908477
27.6041548629041
27.5959615141281
27.5931862509305
27.594464812898
27.5900798478325
27.5963642893802
27.5917146124438
27.5967794224092
27.5868245274064
27.5886692510388
27.5841771199798
27.576524327828
27.5904495353115
27.5931723266912
27.5783794246077
27.58310065557
27.5758359357903
27.5824062255849
27.5582394355604
27.5697178643242
27.5713488435263
27.5622304147547
27.5664463597626
27.5647690093109
27.5634930022552
27.559854864604
27.5606436373378
27.5613055138396
27.5567042858344
27.5574183227577
27.5579810297984
27.5537545700276
27.5545407964969
27.5542944485683
27.5511850257313
27.5517968221937
27.5508884722005
27.5494002467682
27.54884541198
27.5484536761072
27.5469602352135
27.5457329952916
27.546744932079
27.5422013216834
27.5474721450789
27.5414386973383
27.560475776923
27.5448706893607
27.5506278372667
27.5292314407747
27.5393035734583
27.5395219989958
27.5376413237536
27.5478618847709
27.5222263264308
27.5340161450002
27.5367709942215
27.5318908928734
27.5352756506284
27.5308957441065
27.5355403371124
27.5319597377049
27.52887165832
27.5348349034537
27.5280038130339
27.5306595542849
27.5295165948744
27.528105388
27.5378008983346
27.5130772088833
27.5242804191184
27.5298835175519
27.5218219252574
27.5286837756882
27.5242899484361
27.5227359729356
27.5264236433583
27.5202280739065
27.5256314565729
27.5223683455804
27.5191987660595
27.5249130875331
27.518398449689
27.5219955131353
27.5202878924634
27.5185028335498
27.5263571253509
27.5095234564129
27.5181158589665
27.5204926926642
27.5151420395552
27.5221542002863
27.5127758959149
27.5173606293433
27.5181457050018
27.5136828465991
27.5207192110373
27.5103484266543
27.516079200332
27.5163504359977
27.5121956814835
27.5190511815047
27.5086948178664
27.5150845857981
27.5147144309249
27.5106953061743
27.5170119948783
27.5074936857829
27.5143501650686
27.5123652369232
27.508921092934
27.513952417881
27.5073990982759
27.5130247126726
27.51009713482
27.5072737486597
27.51282662454
27.5057287685551
27.5107815899007
27.5091690440244
27.504977605106
27.5111636665563
27.5044710741647
27.5083086295161
27.5069116751127
27.5045987717881
27.5117469355554
27.4983700158171
27.505764858206
27.5066711696451
27.5020688627951
27.508932812066
27.4989307908448
27.5048315403656
27.5042131340485
27.5009225328326
27.5076280878622
27.4962504980459
27.5035284568362
27.5032075954381
27.497839461222
27.5036190670031
27.4978367050175
27.5023125507325
27.4995863034868
27.498205198324
27.5050343081275
27.4923133446863
27.5001319421845
27.5004240512159
27.4957894885264
27.5020464830163
27.4938713923702
27.5001044041457
27.4981726087721
27.4952986805007
27.5008165203744
27.4934791364556
27.4998585620319
27.4972972815833
27.4955300891275
27.5008816778273
27.4929895359599
27.5001354261974
27.4972822979846
27.4965794870795
27.501398418652
27.4933433294367
27.5013051202259
27.4974307783146
27.4987639039274
27.5027879442774
27.4940446023687
27.5024398397717
27.4986826827215
27.5014347449535
27.5040402177084
27.4965934512808
27.5042447557242
27.5000167686321
27.5045613497634
27.505598823998
27.5002381525839
27.5063017559368
27.5017084700247
27.5081282780656
27.5054047682675
27.5061752872263
27.5120061902665
27.5012571543817
27.5107380631546
27.5075425765767
27.5109360042138
27.5137953317469
27.5064353580717
27.5130634743271
27.5093119674914
27.5157226942801
27.5129003304588
27.5142336002389
27.5201342601536
27.5088829928118
27.5184667164296
27.5152068379067
27.5194764081706
27.5213029884554
27.5154319813544
27.5208057949538
27.5169837129181
27.5242371618626
27.5200440803455
27.5223972906769
27.5278537104655
27.516618844751
27.5254715180522
27.5227183551106
27.5262976162745
27.5277459410787
27.5219514895984
27.5285351400236
27.5233208838712
27.5293790687947
27.5268854007548
27.52627379639
27.5318932319768
27.5225961832753
27.530986364529
27.5274729569054
27.528241087785
27.5314589520171
27.5242972209994
27.5321427991069
27.5266394872064
27.5293926701455
27.5306123845974
27.5253576518619
27.5325755400433
27.5250452978103
27.5295018940145
27.5292449789626
27.5255236477612
27.5323148780623
27.5221812508436
27.5285893511913
27.5282528649433
27.5223519342553
27.5283942792741
27.522776332249
27.5261646210295
27.522919078401
27.523500440151
27.5342837916699
27.5048583184721
27.5184125838468
27.5226223739089
27.5149218185038
27.5193432490522
27.5155689813647
27.5185669152322
27.5108727755525
27.5187036448722
27.5102268409248
27.5287001265826
27.5155547932771
27.5042235723361
27.5283458373107
27.5132029706006
27.5124554015819
27.497990777624
27.4949363139085
27.5052414789436
27.4973781420124
27.5110735061673
27.4989165650037
27.4957886906072
27.4899687771488
27.4965357336678
27.4816886390127
27.4824954844627
27.4869864080615
27.4840534583976
27.4698046492128
27.4760323233293
27.4703832414789
27.4852868096026
27.4732444394747
27.4710752474794
27.4579331634808
27.464678757319
27.4561762470205
27.4645589006708
27.443909951212
27.4488733589089
27.4508478025317
27.4436147263019
27.4438705519249
27.4347905449485
27.4347879346949
27.4298260937155
27.4269212043551
27.4281075238796
27.4129501349292
27.4173305019124
27.4093589032266
27.42433488284
27.4106993097169
27.4026213913923
27.4093271977006
27.3960131840178
27.3999053013084
27.3777650935352
27.3829918676471
27.3730231389475
27.3884017241884
27.3744414922469
27.3655669337173
27.3709966668165
27.3582173885455
27.3482619341337
27.3561990253055
27.3459476339369
27.33879996026
27.3225626298896
27.3260509694767
27.3190556035301
27.3174373558245
27.2992031975209
27.3136274531821
27.2998538499603
27.2851045773405
27.3079951054979
27.2944034572486
27.2791926341769
27.2710688053732
27.2524939900479
27.2598037949671
27.2376036983421
27.2414405556147
27.230537204153
27.2130448167869
27.2163251308865
27.2154809516322
27.1980872974166
27.1967115745642
27.1986984683132
27.1851912184707
27.1787431754727
27.1563402214726
27.14712868034
27.1548679783492
27.1519942506621
27.1482275303296
27.1381013091494
27.1211176827857
27.1079568127106
27.111154007708
27.0957132938164
27.0886324160381
27.0801801882708
27.0608980798309
27.0502985684719
27.0494171069682
27.0530523865289
27.0354333708476
27.0220687306292
27.0147659880492
26.9904780184896
26.9975895582318
26.9772926244065
26.9638166190961
26.9651260631715
26.9506949561645
26.9708965288489
26.9523064002295
26.9358852087796
26.9235099795246
26.903133069242
26.8916614164332
26.8976538096625
26.8881223854272
26.8856415674264
26.874686946816
26.8743879475292
26.8577270253794
26.8392993726941
26.8296656615182
26.8023342844386
26.7980149566948
26.7820611141163
26.7601179530685
26.7809733576592
26.7660061978805
26.7510120568589
26.738000986382
26.7172589250569
26.7064028828568
26.7266367673183
26.7042991105754
26.6875691123277
26.6743631624412
26.6542114117754
26.6454039425799
26.6484563776555
26.631859591408
26.6163299148671
26.6033811419947
26.5882168237542
26.5776551818877
26.5556435984061
26.5738484628618
26.558385730128
26.54243132862
26.5288434781827
26.5144433163231
26.5051633623585
26.4913356000765
26.4899445510771
26.4548285894206
26.4615014546159
26.4483957747814
26.4408066060965
26.4236587785295
26.4070573486987
26.4061452810642
26.397505233745
26.3814625786337
26.3653283507748
26.3834408919344
26.3681985441076
26.346536152164
26.3531963193945
26.3421173850585
26.3239030691418
26.3077693989579
26.3095330806787
26.2905201516782
26.292913828802
26.2846018290675
26.2779809441329
26.2646706012507
26.2478733837643
26.23374184699
26.2376453884681
26.2222309946644
26.2168941628114
26.2045938997285
26.1982569614414
26.1862691093262
26.1858979619494
26.1748725893124
26.1629432646878
26.1509661031844
26.1658133434831
26.148376043409
26.1504592934532
26.139346639514
26.1376003762902
26.1273538185337
26.1129680211002
26.1016307201148
26.115413412432
26.1028004834561
26.0931283701034
26.0817778073355
26.0921999146376
26.0814497050207
26.0734160037074
26.0623707374328
26.0758503532421
26.0660296527477
26.054990678063
26.0426931384165
26.0679002081497
26.0536762856605
26.0406780446484
26.0371903697383
26.0330793404798
26.0370887126455
26.0188198769207
26.0252005159982
26.0204531754234
26.0199500026303
26.0075225871665
26.0180444183853
26.0129393428226
26.0104759974171
26.0163726511087
26.0097314486125
26.0067913381909
26.0012836352321
26.0011700327922
25.9968438427323
25.9835467551644
25.9960313658043
25.9907861479361
25.9990511335972
25.9898678414136
25.9920855922481
25.9787935744354
25.9775356503448
25.9864569205498
25.9794197589147
25.9885126754491
25.979768748376
25.9801480515693
25.9743254299715
25.9759272010701
25.9643724788223
25.971040374773
25.9648345021877
25.9688941925792
25.9610529557556
25.9601358286968
25.9632453733927
25.9567840140303
25.9610751376312
25.9525097123373
25.9509091386649
25.9550551867206
25.9492182540692
25.9501714441197
25.9396536638044
25.9488357730076
25.9449368422449
25.9435279085457
25.9488874323411
25.9414540381192
25.9397645942689
25.9334137459934
25.9361069232643
25.9252984336354
25.9173308872717
25.9284947172013
25.9233001776695
25.9279119600266
25.9185204846207
25.9186330202156
25.9076181559721
25.9138991126425
25.9054631502218
25.9130604843173
25.8940298528562
25.8995463716917
25.8921326189481
25.9079108721739
25.8966632583424
25.8912517792402
25.8865438577629
25.8886980838055
25.8777977970668
25.8701232767786
25.883135828448
25.8756111197303
25.8751593388753
25.8662461605006
25.8710095105701
25.8620080005587
25.8550609432986
25.8582913802089
25.8353929397347
25.8392838033365
25.8417980900535
25.8350682938954
25.8282738342648
25.8486458352168
25.8320115632623
25.8237912818789
25.8140539475863
25.8052244186244
25.8047362466576
25.7918082735752
25.8100871616755
25.7985515808428
25.7909610856684
25.7795837715646
25.7761768635605
25.7633609747228
25.7670280652029
25.7619888087698
25.7510604174906
25.7484126915479
25.7435816075946
25.7376371438243
25.7220170851544
25.738436753585
25.7244498519945
25.7137961069882
25.713749104871
25.6985015896756
25.7062396943017
25.6996862869153
25.6849173808232
25.6764377016901
25.6613650683324
25.6507676892843
25.6569236045444
25.6468672105226
25.6479421403906
25.6354004187709
25.6388081327301
25.6229530595916
25.6082025652164
25.6028554020261
25.5826829471607
25.5625251671357
25.5689039852862
25.5532638127001
25.5454220687619
25.5538315342614
25.5372371466399
25.5249129964869
25.515851429974
25.4981304104825
25.4851257734956
25.5048608636576
25.4885561268631
25.4704325018158
25.4557286740646
25.4501552534495
25.431684526737
25.4319030025542
25.438697626649
25.416585900409
25.3996164548864
25.3862421059885
25.3684578865428
25.3595313766934
25.3614325248925
25.347229974139
25.3320888249847
25.3196305306998
25.3152222777509
25.2950387719488
25.2999351135327
25.2979778535409
25.2757617367832
25.2538836140308
25.2576639413137
25.2443592915857
25.2402596979666
25.2271139338187
25.2128200360881
25.1956697505728
25.1869886556442
25.1675008104756
25.1707839234446
25.1536199276532
25.1568021092144
25.1436760564593
25.1234253261016
25.1058689656103
25.0973250895224
25.0844869455757
25.069348805436
25.0490972468393
25.0574501232615
25.0486345519045
25.0305700285917
25.0143321162154
25.0067244944169
24.9927761398795
24.984373511633
24.9702578538127
24.9617465722264
24.9404237550304
24.9431150022101
24.9421732213836
