0
5.00604816165728
9.52061726093445
13.5226562767855
16.997225460286
19.9297548269704
22.2278327554059
24.1570564351544
25.5851197556374
26.4276964572602
26.8369459095091
26.7282953603256
27.2442726084812
28.2950758181017
29.8139332238572
31.8408744434816
34.3725440704515
37.3593300597185
40.7913849102009
44.6933688788975
49.1653667816541
54.0462388538194
59.4412143773342
65.2464121908651
71.4930438231447
78.2446973321686
85.5852829739095
93.2602331156518
101.468645809704
109.912622504896
118.776617660706
127.883024454968
137.124562085064
146.995384057955
157.110688804701
167.556517978977
178.026371352838
188.608409773711
199.383070863999
210.258811713175
220.96887963221
231.526435370645
241.998645634635
252.152427824682
262.094748694923
271.405555047986
280.140442522753
288.490616502838
296.136358446544
303.143178860821
309.893336910553
315.544055534634
320.601837072792
325.380948145145
329.797334576139
333.578270635287
337.004037292247
340.506376935933
344.040617694375
347.485139405223
350.684928707997
353.71670348881
356.678073607377
359.599253667703
362.852214740496
366.449779537176
369.407549545157
372.07902202686
374.861237654675
377.335561657298
379.933354369716
382.847943657434
385.47882829948
388.025289600155
390.607982544116
393.500865194002
396.306117629435
398.053143359287
400.991041092133
403.188408134891
405.648684560617
407.915141283957
410.116798386873
412.526931093416
414.607793545727
417.087976134784
419.578578415745
421.675232657271
423.675846945421
425.703916434528
427.93943213035
430.339089053788
431.612781529374
434.514886911657
436.300347113256
438.310485901114
440.122649494531
441.994847580224
444.020830190259
445.897706561936
447.816370842016
449.785164274482
451.576975346296
453.383220512515
455.131485369057
457.042594605757
458.758417692431
460.508433282496
462.197873428541
463.642501926738
465.688343331719
467.389754374477
468.732127117004
470.577504285532
472.257565503334
473.471006848779
475.363799864581
476.988522131261
478.560241556207
480.378126282208
481.572155077672
483.066379954744
484.568739491539
486.067213226502
487.734901729159
488.887191747207
490.566353044974
492.017943574153
493.106936349644
494.808141370854
495.744632953777
497.350040585111
498.986317319937
499.820410648997
501.441731677873
502.323100502135
503.661623757427
504.94103986265
506.495993266704
507.20540759174
508.800538073393
509.86381233186
511.068634080338
512.213345920994
513.16376225373
514.502153552679
515.706094981136
516.52318266307
517.868684451147
519.063358304314
519.787117505959
521.185873883418
522.022604094801
523.22646202528
524.317978498051
525.289944867988
526.32487557621
527.113469425874
528.487301477979
529.330142025777
530.093989308716
531.098578516869
532.057088681486
533.05230969635
533.678691039247
534.803770785942
535.29214020632
536.304622071365
537.494430630681
538.335197592181
539.156381483111
539.867355517882
540.322777883293
541.301743748786
542.25765727234
543.014385891169
543.528090025014
544.454788336361
545.369286964407
546.046657087413
546.594324301501
547.455280919007
548.00069668125
548.541071471578
549.426477422157
549.918765027874
550.504536913552
550.890063029236
551.855577434651
552.438881852084
552.844154945178
553.46283721786
553.960106743822
554.47628246183
554.977734925798
555.45307904904
555.885478601595
556.298637996442
556.598406465221
557.393760521764
557.622110031985
557.894579248166
558.17433676984
558.460591915749
558.740154428146
558.934872136072
559.359507549221
559.420654571833
559.839724532403
559.790982108618
560.03373086791
560.235123725962
560.254862155404
560.314295295251
560.348795140297
560.354016748204
560.324262159101
560.250894418461
560.123231867205
559.937479445337
559.824238369469
559.908026171692
559.81701281221
559.747052832583
559.670562730466
559.585860609084
559.49317549776
559.393141824678
559.286701247688
559.175155827619
559.060187546281
558.943807173245
558.828221907776
558.715621511108
558.607890789458
558.412536049398
558.351406276217
558.236652975605
558.124998530338
557.935535525855
557.855370317768
557.741323247145
557.535549074889
557.47732783511
557.361956604394
557.253203410107
557.078532108407
556.992414550097
556.887149117805
556.705178923767
556.644053547317
556.542640663132
556.448850947451
556.295299066768
556.226675860428
556.138922129709
556.058965197865
555.925840457621
555.866817326999
555.793716987763
555.727058995963
555.60890432243
555.57395266637
555.517050249271
555.46396399716
555.416998796063
555.375905727594
555.300591453771
555.276729356272
555.247018489106
555.219508859442
555.196009179603
555.176512472316
555.160738261169
555.1484082898
555.139279432818
555.133143132494
555.129821236126
555.129161159225
555.131030542043
555.135310830015
555.14189013565
555.150655437711
555.161483457156
555.174230926688
555.188725119875
555.204755553904
555.222068105125
555.240362527256
555.259293344013
555.278475430831
555.297494304855
555.315919256037
555.33331874032
555.349276791657
555.363409346169
555.375379354235
555.384908793158
555.391785520321
555.395869422371
555.397102842915
555.395460706826
555.390914185968
555.383436865301
555.373006104842
555.359604031137
555.343217989309
555.323841611366
555.301476177839
555.276133992729
555.247842638253
555.21665049628
555.182632315396
555.145895271934
555.106585191618
555.064892407441
555.021057344232
554.975373814678
554.928189097451
554.879900196691
554.830945398409
554.781789139116
554.732899088126
554.684714454508
554.579561928405
554.555725512644
554.499028549411
554.44052405109
554.384229054395
554.272602379343
554.226413024427
554.160405865056
554.096728389132
553.97913249378
553.918459801901
553.845583262441
553.708774487195
553.656183816991
553.57558833491
553.42582444737
553.373231172929
553.286426986221
553.131918566005
553.069335836452
552.978797109002
552.831082460858
552.746484596195
552.567340140763
552.507075041704
552.406666036279
552.254926927209
552.152657397463
551.979717458618
551.889043348454
551.700068923856
551.617738035907
551.418493269215
551.338073610022
551.13515487236
551.04994708169
550.851242688215
550.754071538663
550.569112072472
550.339363103245
550.259944895962
550.048853163627
549.95461464
549.869506807314
549.640728769711
549.371488606293
549.407609586206
549.203668078532
548.916714573409
548.800111471764
548.502509821743
548.460650113325
548.073538291492
548.105389616854
547.776758057432
547.593561114508
547.376248645496
547.128583374783
547.030491110724
546.786564285081
546.569071740865
546.362959073947
546.139111018127
545.910385544892
545.685846204112
545.493088243022
545.253523644236
545.015986273969
544.840014258996
544.264077940422
544.394206923478
544.014571758271
543.964147762812
543.534694975479
543.471638493879
543.020946601797
542.83606219048
542.677589685378
542.27578304772
541.848182318394
542.03173728054
541.41726254096
541.221569662175
541.093376918097
540.850527449919
540.478770160769
539.997343993611
539.951090222754
539.807209174103
539.233533949811
539.252387169845
539.008434176665
538.531916529565
538.48873426704
538.083595315016
537.921464229969
537.597167680625
537.319169778381
537.02435463969
536.549000457177
536.687732806313
536.369772620962
536.160153247775
535.742591538024
535.789189661157
535.355042118206
535.024377845392
534.893574845499
534.690687922051
534.295652855389
534.216753156113
533.80239219127
533.290922318697
533.448188705815
533.254282972836
532.788606379082
532.494162014564
532.195291551978
532.121020657711
531.586382759433
531.723337300068
531.207220043632
531.016926850302
530.84437201601
530.435968442217
530.408115966211
529.928816383288
529.783383885394
529.587498164146
529.179364709907
529.21806070081
528.785421873041
528.302391864028
528.269117648521
527.753325072487
527.715829968848
527.218435590957
527.005159011915
526.834920044806
526.360952068101
526.118889000911
525.815304846694
525.634121557262
525.092873391292
524.862795457281
524.756655662974
524.261531398732
524.111556665682
523.516761228851
523.217839774831
522.85503817988
522.485594397093
522.106198211925
521.718016507962
521.321637461934
520.888842979652
520.700127302299
520.192579245059
519.645757831713
519.270342879077
519.026348106018
518.307940495379
518.082978388257
517.410044332233
517.171380065952
516.407692489532
516.161804575361
515.453578395745
515.17155560305
514.380463631649
514.077380780807
513.38735348597
512.892715428089
512.255176986644
511.7415180324
510.907044704968
510.551883221298
509.613990160188
509.253491468176
508.293375242427
507.928389759634
506.985710236998
506.454837105575
505.767549465518
504.807994580628
504.211404722113
503.453734034114
502.709626904632
502.157287278987
501.195116740025
500.591212776247
499.17270332197
498.587710465518
497.456385342659
496.598370796369
495.67686395591
494.98818080989
494.020574657769
493.044253401854
491.737075563764
490.958485568115
489.901976130091
488.99465010109
488.068456725156
486.912317392563
485.887730494057
484.733486623742
483.677731511739
482.377594117426
481.461399214833
480.070865332175
478.653138488834
477.840827685912
476.672625808815
475.413113128786
474.131608199109
472.84443951491
471.553259180414
470.257871119268
468.95568070133
467.640793241411
466.074051638349
464.674859739473
463.12302452435
461.986051030312
460.598685659102
458.643891337294
457.58187352687
455.957711992578
454.552915128765
453.073379323867
451.493488842495
449.87935129504
448.169387185151
446.774535900664
445.177438144099
443.514268784716
441.77329785286
440.228010305173
437.255012453767
436.707160478795
435.069164475921
433.361791615933
431.518151232233
429.81179455212
427.764409410572
426.118767505841
424.369795831014
422.07468525268
420.34563701927
418.807691844654
416.88187354412
414.722788892612
412.383655971567
410.410987093362
408.913956227719
406.796879279013
404.86764413384
402.859083156305
400.734268129947
398.47861821045
396.842774632305
394.502037115751
392.383403438738
390.174385824323
388.136747740745
385.665690302892
384.010342937959
381.161602944844
379.427877985963
377.223288710027
374.940147634691
372.44742609645
370.286209059513
367.958119971141
365.728139436403
363.098353990481
361.033025876433
358.795288389289
356.620837687742
353.743260231217
351.123387764944
348.731633203543
346.49257650785
344.106458391094
341.631481568137
339.135486317104
336.703970748139
334.184467449473
331.442313672178
328.791581585104
326.238245204388
323.518611506477
320.94607934066
318.561232842904
316.185079634182
313.724508681459
310.834143692381
308.172944417904
305.495826287046
302.741843395253
300.095046264545
297.493789403487
294.637872438928
291.684004708878
289.01810024994
286.375604840166
283.659157157353
280.501012969558
277.716846624247
275.003271853887
272.073964888933
269.110709250116
266.373889564787
263.596829718128
260.394570624431
257.595703666076
254.943695862786
252.203026050938
249.342062067406
246.404048173172
242.9675104299
240.021986292481
237.098331539855
234.132542949427
230.641618578159
227.768272814829
224.721086275304
221.852029738157
218.929079847093
215.818632573012
212.883625243316
209.937988361202
206.860278150029
203.754075057648
200.417914563206
197.283979983668
194.017904787549
190.947870569389
187.874786487711
184.900904221725
181.897413495753
178.90724089761
175.866204364131
172.871456863146
169.905740530164
166.904258595384
163.92268962839
161.205855648616
158.335281428288
155.411598592539
152.475337168315
149.568901925684
146.691598772606
143.807373190627
140.971031403295
138.302405810195
135.563599244569
132.942495801403
130.292920595868
127.67350807074
125.084235473164
122.603809267372
120.134418329456
117.758371602314
115.418619994571
113.144467817511
110.953812404804
108.845438786955
106.840134632695
104.926973124131
103.103927507712
101.431509410487
99.8757280709361
98.461055291574
97.281915063316
96.3213132973778
95.4839175950823
94.9216498722863
95.1783819788537
95.8867983094426
96.7472563350811
97.7550942218261
98.9355878112869
100.226812331564
101.631779260061
103.120188906223
104.689107089256
106.332611530176
107.985677675898
109.774115022741
111.607875491468
113.409338425878
115.295139338457
117.263327233873
119.240126059371
121.232992113243
123.232324849821
125.15438790724
127.098676487207
129.011926003471
130.870849406243
132.739092466806
134.536008044531
136.243619824669
137.863983902765
139.398112233363
140.910989586323
142.361012735159
143.768339861544
145.114661173347
146.275509819672
147.547444640357
148.867338288746
149.681375350717
150.271712872309
150.871406116099
151.289280067716
151.72070098499
151.98700219074
152.276049903879
152.450855050236
152.590304648229
152.667488283093
152.632868797501
152.612363681898
152.582494647539
152.511254341114
152.466584031924
152.282512471812
152.239620662423
151.916552393912
151.702581583296
151.537719254867
151.274857816348
150.995732896743
150.705168323857
150.380559780338
149.895820060562
149.582061220086
149.410068324214
149.021573639382
148.570890265301
148.122787729418
147.681705944124
147.227521227455
146.674537330046
146.245509866689
145.772668644803
145.30788757376
144.819389036618
144.317372102649
143.772442837733
143.233131039513
142.705516154181
142.210448494257
141.535112126725
140.961075699713
140.394059879087
139.837537539029
139.342559019262
138.762238740845
138.239946674804
137.697108146751
137.163306322982
136.610798112878
136.068845874768
135.494128889338
134.943790206286
134.411426035565
133.926137375862
133.319979575433
132.76061901741
132.255830842697
131.804970258849
131.324457302953
130.818983928078
130.317866086474
129.838193245799
129.395032484964
128.853570036953
128.38098595193
127.950621981359
127.501567397434
127.11796145658
126.718986132988
126.315128934054
125.971662221236
125.552391492477
125.105378639877
124.796103894003
124.479969467821
124.142974112442
123.879354534552
123.498205798797
123.160205359254
122.923004175941
122.552227153177
122.261155352281
122.013480265686
121.715739958979
121.491643948883
121.34683486485
121.101143325422
120.931820140973
120.699110778226
120.461641025224
120.242840917056
120.025584294462
119.810202196557
119.678864074648
119.468240299214
119.328494373759
119.136550516734
118.940461777441
118.774915466469
118.59893305484
118.460485641993
118.291693405598
118.173082841492
118.003716746693
117.879552399682
117.797246840999
117.636466701671
117.553907251775
117.43930086039
117.309742789519
117.232300085559
117.168859663622
117.07726005089
116.961114363951
116.914632250062
116.899218870213
116.804555627308
116.662417258188
116.677971755563
116.5599694269
116.57350295071
116.515348164791
116.440292581335
116.417689491312
116.32953549582
116.350504292497
116.281274040917
116.234338158352
116.206571666762
116.185017077643
116.102441237185
116.093928976807
116.069520919493
116.06843449207
116.030645524988
115.978220301172
116.00875333244
115.952129636172
115.863269427714
115.89049387355
115.91726585676
115.889329571206
115.838733518088
115.827543980876
115.817178595608
115.756193424
115.723832838667
115.72612818483
115.729577740122
115.713918236598
115.697236422832
115.675736345816
115.595160727471
115.623650554484
115.576357682403
115.592284381632
115.598080730098
115.550701477726
115.555908141605
115.484011534961
115.519263183103
115.505860813867
115.443097061161
115.478538646856
115.47882408788
115.411295817887
115.343243868589
115.354789771832
115.35313485991
115.345474743801
115.336054491276
115.315046002042
115.261075474882
115.314651050456
115.259612064847
115.173483916047
115.199721720311
115.166489906408
115.165978847362
115.164262882021
115.150122868963
115.140505878204
115.070561242692
115.11629195061
115.086800541898
115.062845927118
115.05609126825
114.99105043119
115.025733077969
115.022069009866
114.95669356923
114.877676094448
114.893622761171
114.887098192114
114.878812457428
114.871124935297
114.846160956626
114.789145617037
114.838254264301
114.787179893686
114.702262238051
114.706594591636
114.694278891445
114.657777337393
114.671794488981
114.663485545207
114.641349992744
114.619769116932
114.585247772983
114.561288890708
114.538331175803
114.519017264699
114.497132907189
114.4841003432
114.457794916044
114.451105541828
114.417982541282
114.416706232655
114.376366137133
114.3789420368
114.332169429023
114.336885750241
114.285173752249
114.29048915982
114.205281889797
114.239067842682
114.220512310908
114.173986004454
114.171232333612
114.115300862645
114.155162824597
114.088897055237
114.075724996347
114.051635419247
114.039079945
113.999414375902
113.989255571731
113.952056700086
113.947689917309
113.907882795388
113.908242286022
113.863368637504
113.866770337558
113.816543662809
113.821269064361
113.731265954022
113.777359266559
113.705721118944
113.773036098519
113.689596116397
113.626559219442
113.636807184276
113.578461167794
113.653013140216
113.569927174745
113.552805355526
113.555274094543
113.50200375716
113.405438560123
113.432371617189
113.438442963759
113.407650403601
113.38398639302
113.283201458698
113.314225356711
113.324722597863
113.32370508875
113.25584671094
113.259866044677
113.192309996075
113.207062848209
113.170534161579
113.108681230313
113.144829204681
113.088632224686
113.019734539138
112.985399485696
112.984849212884
112.97810925026
112.945154669783
112.9440139752
112.893237690942
112.893413370435
112.794650110596
112.842025344158
112.776710416617
112.787240020874
112.715387725477
112.731449827433
112.673082777228
112.611493003902
112.671903066082
112.584303257842
112.534881623528
112.597796240551
112.509173509989
112.454461062694
112.461128884247
112.39163719021
112.339827488457
112.408220447943
112.3131423647
112.271411543069
112.231781844257
112.297380803852
112.190512563991
112.115940447215
112.203328750852
112.092924772613
112.037061217084
112.031998427752
111.956349010629
111.961111223747
111.915144628967
111.866358152081
111.837860006234
111.874355817289
111.777053852612
111.728989448917
111.681497344747
111.750842777007
111.640996154135
111.577460915299
111.57787728187
111.503800162807
111.458289942495
111.486415918717
111.397482067699
111.335951286458
111.419200439741
111.299823126844
111.23931178056
111.207086891151
111.248492236578
111.14651134812
111.088992577519
111.049201069747
111.076664063482
110.980731227109
110.927809134828
110.922429374459
110.84704898544
110.798568060862
110.826253643092
110.7170254942
110.674404023167
110.696885226446
110.625275935729
110.533415221871
110.536465070846
110.484237624013
110.378832169852
110.386635405052
110.376882855913
110.325410472064
110.280720472236
110.18482264423
110.182513945286
110.155317779879
110.123182686418
110.048880458692
110.097985380052
110.002036243913
109.916739487914
109.913091722637
109.831590249854
109.87457013409
109.783331365392
109.7360515663
109.712455941856
109.65722309238
109.556590272472
109.562524897454
109.527434817642
109.473754954561
109.534930083717
109.435588003833
109.362554810637
109.36443709029
109.273148893888
109.262531506034
109.162680885125
109.183648855804
109.150340460383
109.076314642509
109.078718703731
108.985755452395
108.99277981254
108.90262112565
108.81555199239
108.812124363768
108.765643843105
108.710792426975
108.734595239309
108.676963996352
108.672895636423
108.601894259583
108.558717620518
108.573823808292
108.497916267782
108.446737770699
108.438493336083
108.412873903663
108.344615585743
108.290353792918
108.33846431362
108.247830833207
108.192616570906
108.222600270585
108.125171807715
108.135110868304
108.028236112178
107.966865669593
107.971947015585
107.956355896886
107.92869469945
107.880923008175
107.89276799165
107.884473153057
107.81082566197
107.741437071291
107.751398193351
107.718096144224
107.68369180359
107.59239393792
107.620922953253
107.578144117359
107.629771221039
107.546873769358
107.494535724882
107.557101085689
107.46216561864
107.408222044315
107.439728663245
107.446298906666
107.368673101829
107.323877844638
107.328310968099
107.271167827286
107.227039318155
107.296175736358
107.222168847534
107.172623295841
107.206985720011
107.127584834669
107.154458160741
107.02227487768
107.049632593639
107.05904723347
107.034906347221
107.009732558304
106.925188883104
106.962233117924
106.959283983763
106.957309738762
106.896342245747
106.920130885889
106.869129706946
106.848946426434
106.88353452075
106.824101012368
106.752776071401
106.778092749352
106.785672330537
106.760096788603
106.672061767727
106.711606298718
106.696606969045
106.689855506727
106.69355478449
106.67013147131
106.592770708204
106.614186374029
106.606367771517
106.587975715425
106.588804095786
106.590831861707
106.578253303253
106.535471934955
106.58577826052
106.535751776693
106.482382900015
106.495102107142
106.505617416488
106.496635854622
106.485522650783
106.404266861734
106.441904000905
106.418073230351
106.422927216391
106.432973073
106.418843980424
106.404008919133
106.331184907122
106.373394398485
106.38104772463
106.347303819981
106.365782612473
106.279838611861
106.32682156943
106.33520291974
106.301349036644
106.322295497804
106.237731259569
106.284351852629
106.292564732783
106.262463777353
106.251174763016
106.310378523459
106.281781841726
106.259559815499
106.24142054064
106.240273381475
106.271764521359
106.245489694255
106.220816989187
106.208850782445
106.223308051569
106.207129207205
106.18661069874
106.214665075621
106.224746735445
106.18865940676
106.162801344862
106.181734681717
106.174011672769
106.148046926745
106.160844299633
106.177520796138
106.150757840971
106.126518179873
106.125874997226
106.154007878933
106.127861099384
106.102022280195
106.119520435619
106.132402310875
106.100864591413
106.06003543283
106.149084890283
106.079397829099
106.085474634613
106.098590278977
106.096691999871
106.070624147529
106.058395544233
106.080997524425
106.059553451116
106.030740793471
106.076098781421
106.057544407988
106.032483187893
106.032843380718
106.05603821403
106.036978726412
106.013138807281
106.019935280653
106.040074508488
106.020458236891
105.99727551879
106.00348087739
106.022755106604
106.004082147972
105.981252339184
105.986020452784
106.004883221533
105.986193986698
105.963203758742
105.968658968631
105.986723551575
105.96600503722
105.941405415479
105.952791210615
105.969018516513
105.942929366237
105.913096299542
105.948457412166
105.925212398569
105.901975490772
105.934396087632
105.933031991669
105.882306713685
105.916713577283
105.813697558056
105.836679895921
105.851930559601
105.856266642884
105.846702411126
105.765666953988
105.811189971681
105.824784041478
105.78504658988
105.803000246292
105.719072618406
105.765378117271
105.781835067353
105.715181288701
105.757690713322
105.718521404193
105.730736928846
105.693225271138
105.709096907659
105.619656239963
105.659201959631
105.645021309608
105.638560115204
105.644584373683
105.626230987825
105.547028572905
105.565823026858
105.523904088092
105.547006960365
105.551537973344
105.55482212858
105.489461283761
105.53821548983
105.472975720561
105.454126267607
105.457526034066
105.473608783296
105.421950070874
105.377489573184
105.326586600699
105.410398052523
105.325997561995
105.283552646898
105.255735975565
105.301223534158
105.235612552822
105.187622177326
105.187990714836
105.131332945002
105.089115992037
105.147172628665
105.074169456498
105.023190975015
105.043435588156
104.963171132563
104.904539626126
104.974093830382
104.893780557465
104.849076367295
104.835126097521
104.775545136997
104.752925144719
104.730249973036
104.764373686014
104.685465703628
104.628996161051
104.587750746922
104.484054462265
104.504797108778
104.504375043718
104.412994373097
104.34104545023
104.351985360398
104.320637253003
104.27993129269
104.32953703184
104.226846290269
104.1593596805
104.165941706559
104.087679628071
104.007429066074
104.062838656911
103.987792460642
103.91166059061
103.913699028255
103.83810248085
103.780136426116
103.671880920131
103.689324796388
103.641320566837
103.543394296212
103.545500224806
103.471356923454
103.554366742641
103.451811782931
103.375435055931
103.307675609596
103.260370111825
103.221611589518
103.163531393922
103.074932295509
103.056325084498
103.011934506583
102.915136388024
102.910936021406
102.821716527078
102.869301650882
102.774055410889
102.692610391371
102.677337258871
102.572842961554
102.504202466691
102.489213151169
102.469821758989
102.395374963498
102.336036939516
102.28408897934
102.189019321363
102.167059138109
102.102261292427
102.046592668151
101.993327250529
101.889516019241
101.898053594496
101.777955064744
101.840118100535
101.742903124513
101.652517318341
101.567478952371
101.662889096714
101.537449660702
101.450717026984
101.386347517405
101.290586227525
101.228101455773
101.295520017947
101.184280559172
101.095572180378
101.045186651789
100.954362205326
100.87730880601
100.965444474607
100.842263724305
100.75630926089
100.687933816593
100.64202322247
100.569167657102
100.496258340655
100.505910918753
100.424653211919
100.446123346426
100.333467080992
100.247817835902
100.152922028419
100.084107343518
99.9879915120006
99.9820470126567
99.9242749899902
99.8591788910867
99.8055738492125
99.7385153471881
99.754447993039
99.6613609447922
99.569772649332
99.503864130233
99.5325978074389
99.4319386283488
99.3605185014374
99.3007407439081
99.2471508266134
99.1659551539141
99.095270861952
98.9979926673223
99.0033179557872
98.9492767880206
98.8569410041186
98.8422250054263
98.7797590609059
98.6953938176661
98.6884818276478
98.6019935922637
98.5154248820976
98.468579424249
98.4596602751
98.3984801031182
98.3253013619235
98.3106482708551
98.2384952248291
98.1814589778499
98.1075362461872
98.0621437350838
98.008993032594
97.9374361778329
97.8940156178813
97.8522599780747
97.7879573641962
97.7454352080621
97.6903771592648
97.6269426902701
97.5710001263935
97.537352557088
97.4736769648732
97.4024209002473
97.3588722422846
97.3103606774381
97.3386322966493
97.2499794005936
97.1929274570117
97.1220582424053
97.0676412979792
97.0259822021561
96.9838404960548
96.9162911612876
96.8703838547216
96.8637065710895
96.7761426854188
96.7140129540033
96.6962398016843
96.6245975022118
96.6609591814854
96.5778115135748
96.5181253524925
96.4723910395754
96.3783410974353
96.3850843366968
96.3338553707619
96.2772597739266
96.2469849873401
96.2105159038121
96.1391270135615
96.1292562833447
96.0838928832639
96.0072348257582
96.0038239373984
95.9603401133384
95.8884083131285
95.9013933249385
95.8051230790436
95.8654835858434
95.7863047396191
95.7291436420958
95.6918633904679
95.6799858050757
95.6106786018582
95.6139642483897
95.5250096803667
95.4820080147462
95.4748307407878
95.4262575691169
95.4805852677493
95.4032923857599
95.3536737901547
95.3454564064147
95.2865883960439
95.2263029010943
95.2856391383759
95.2096243283618
95.1621616668106
95.1980420488032
95.1282960981789
95.0713058053669
95.1197653897083
95.0559790001451
94.995596786293
95.0568814693255
95.0048114310086
94.9350259416589
94.9305556770475
94.9068786244458
94.8633635142121
94.8879031959176
94.8319000542424
94.8290471811182
94.7789209923675
94.7330308551438
94.7935194527184
94.7327211325961
94.7024161781738
94.7045187424513
94.6611391940642
94.6300536433893
94.7067521381876
94.6418432802391
94.5967533644366
94.630611770446
94.5805296830395
94.5819383431856
94.5354323331602
94.5027438795858
94.5685501887496
94.5282105981444
94.4878019446137
94.4974366555055
94.4750243226554
94.4595791600295
94.4749228716437
94.4337457147623
94.4548037982881
94.368821099228
94.3960956410041
94.4102515803753
94.3892816992191
94.337545009392
94.3615533344564
94.3754500237455
94.3630333045227
94.3015949793
94.328965536648
94.3430191474583
94.3096800005376
94.359971915158
94.3240634017221
94.2826701316249
94.3791710736156
94.3136553579497
94.3109051040037
94.2454456483827
94.2807392211302
94.2692468469487
94.2562784057284
94.2639804460611
94.2597388492139
94.230928833499
94.2453471261848
94.2418301239619
94.2708959798776
94.2513059946615
94.2390783070708
94.2605683482857
94.2391409308855
94.2133849405243
94.2796648983565
94.2361329633008
94.2148392255869
94.2485408828455
94.2192431194588
94.2044916601663
94.2424995508759
94.2118289315452
94.1964971307813
94.2249185608505
94.203065670347
94.1882129166808
94.2137584422539
94.1928191225924
94.1728128020934
94.2198847609251
94.1867239982744
94.1712149092359
94.2013542701081
94.1763729773709
94.1651107093234
94.1918620858596
94.1688663998099
94.1583431275345
94.1840852177637
94.1624278171006
94.1517520972084
94.1771318603396
94.1569590670514
94.1457204016251
94.1707977367974
94.1525321022702
94.1404407900497
94.1650941526256
94.148254834242
94.1334814253201
94.1647455325985
94.1456224803061
94.1317797312398
94.1579103070136
94.1428742030672
94.1276399124558
94.1559549432294
94.1409172240409
94.1248194592818
94.152933872834
94.1389972391742
94.122156554313
94.1496896816707
94.1369163706448
94.1192583798335
94.1464676436418
94.1344353074764
94.115978995817
94.1432941365086
94.1312519957699
94.1120577221282
94.1402351294775
94.127046774034
94.1072342260622
94.137398842254
94.1216792403671
94.1014587151525
94.134775536715
94.1151127657373
94.0947287565133
94.1323900928248
94.1074309121537
94.087143939421
94.1297413666916
94.1002216845282
94.0846755157277
94.1138935119805
94.0903019005474
94.0775521046545
94.1037526166857
94.0810382725247
94.0687898886875
94.0941592124215
94.0712726866629
94.0592331815674
94.0844128541389
94.0608889340222
94.0491877928343
94.0743629394096
94.0499614229938
94.0388491859404
94.0639897419073
94.0385590565579
94.0237105104915
94.0613924054181
94.0302309226307
94.013059206143
94.0409655306569
94.0183951539084
94.0019101364137
94.0273358801946
94.0017459898531
93.9659767558234
94.06095478572
94.0053213063396
94.0030456838617
93.9285506668573
93.9542726830993
93.9573559902708
93.9355230928139
93.9492516757298
93.9543056713102
93.8973197010667
93.9251785480062
93.9420520421219
93.9180253062702
93.896178209775
93.9137155308966
93.9188068302839
93.8873108720394
93.8800084017392
93.8909896736803
93.8666516691435
93.9164168237681
93.8824332743476
93.8575640590375
93.8853956178094
93.8595659528524
93.821291536679
93.9034478834251
93.8426904807072
93.8056743312221
93.8718915459027
93.8174018671452
93.779984524833
93.8493365950961
93.7948771392211
93.758514052125
93.8302907617292
93.7741944638459
93.7466272847064
93.7666333912748
93.7395769377551
93.7720590421342
93.7292113593466
93.7362527003052
93.700652586812
93.7184352819874
93.6386413957365
93.6748829618165
93.6818566705511
93.6109187758652
93.6385860435133
93.6532688633208
93.6272462078555
93.5910518674296
93.6023639892013
93.6141266344889
93.5928982418063
93.5422473505595
93.5607746280696
93.5713879664116
93.5311963873073
93.5842299001569
93.5294723244565
93.506167567099
93.5321866810651
93.5403328936527
93.4863657647575
93.468266662426
93.4386293365448
93.4615882591523
93.4135247698877
93.3886034262619
93.404332640243
93.3622094471206
93.4229043637881
93.368270344722
93.3454526498724
93.3286915667865
93.3586068480029
93.3015366266028
93.2571379931426
93.3431753051956
93.2693807937128
93.2289142704092
93.2499984298564
93.1950458719938
93.2119877379697
93.119002388386
93.136573682013
93.1452629458062
93.0992598836329
93.0451478679251
93.0558391177157
93.0613382802081
93.0285219690454
93.0129508607164
92.9458271993827
92.9551618219023
92.9618681279904
92.8875356050442
92.9372533992797
92.8825035054786
92.8394704590124
92.8339959498061
92.8037235430585
92.7416544888532
92.7492500711945
92.7057390531075
92.7400823358115
92.6864128539458
92.6301799061851
92.6917108968117
92.6436107795881
92.5723242022732
92.5291839126327
92.5474239180451
92.4885749002333
92.4439216126684
92.3895992473615
92.3734498654615
92.3468071234601
92.3045001829549
92.3519461672382
92.2737709218163
92.2342301483514
92.1634840622282
92.175509410736
92.0906149873522
92.04034876646
92.0342601850461
91.9816182700649
92.0458923080195
91.9575915780226
91.902905335168
91.8610146742129
91.8007754191569
91.8303415172817
91.795549920308
91.7083684414732
91.6633531900146
91.5945912125834
91.548376987747
91.4821186731295
91.4836660990601
91.4323738946925
91.4468017375338
91.3735953707566
91.3191943638473
91.2700267798754
91.2038038478809
91.1686670581315
91.1092635971788
91.1869006799696
91.0970449807831
91.0256780352761
90.9627751417287
90.8811889984269
90.8529090607439
90.8329466412129
90.7588733619105
90.6991390162571
90.7288887852192
90.6549129700036
90.595670448421
90.5264720398338
90.4796057471317
90.4142515166413
90.3673348996764
90.3278919989179
90.2704580232206
90.2316314141947
90.1729462348746
90.1297503818978
90.0601017217149
90.0160844880273
90.0146706902938
89.9418012034072
89.9063726263149
89.8372692369829
89.7854738500648
89.7349558014704
89.6743771042916
89.6143909092272
89.566274617643
89.5186472586939
89.4690548479787
89.4134448493254
89.3197306386505
89.2918430877735
89.2669901957032
89.1905429066828
89.1326346615266
89.1539960375811
89.0838859412293
89.0153782647131
88.9819587063557
88.8856575632706
88.7812797869674
88.7559932239734
88.8144417587281
88.7206505616961
88.6485299993545
88.5761964082781
88.5102592675825
88.4702801783813
88.3860643068654
88.3199236843164
88.3079056279422
88.2631270516122
88.1877424593358
88.1273025138344
88.2055479031062
88.118582279537
88.0402664749234
87.9752269715989
87.8995188073335
87.8554819747274
87.7918784148173
87.7977856023333
87.7257292375557
87.6570586030855
87.6082507560552
87.5496842264882
87.4976916236624
87.459272998176
87.4071584404535
87.3014729494219
87.3219171147584
87.2360399360736
87.2018711747971
87.1623418548851
87.1322043898732
87.0401578543742
86.9871152848016
87.0407279835824
86.9563322083052
86.8631162669368
86.8996902832762
86.829965957855
86.7589261674114
86.7165499727144
86.6054789547465
86.5822321288523
86.4946782478201
86.4233582436756
86.5015228520344
86.4249044518096
86.3684066047606
86.3148685844679
86.2618703459654
86.2190572820771
86.1726030178341
86.0805313162292
86.0534580597929
86.0966428155897
86.0155200043854
85.9280684298744
85.97370918697
85.9047538309381
85.8376885930004
85.7863032244685
85.7171960380404
85.6774237408411
85.6551318449803
85.5994362371862
85.5659184418013
85.5125184014522
85.4637807146936
85.3942407148601
85.3830535254745
85.3393538339863
85.3027362854997
85.2498627214301
85.2181689756503
85.1644250725754
85.0976624471395
85.0856593292767
85.0571975484389
85.0119302522093
84.9466457053772
84.9972634897817
84.94644665844
84.8876098841195
84.8348798587611
84.7624273319909
84.7216544297441
84.8028231894228
84.7322834380917
84.6635277505641
84.607355474006
84.6206719912539
84.5717959379997
84.5171438816605
84.4732560633564
84.4539579749171
84.4148500874834
84.3619086828442
84.3296360905347
84.3463420936079
84.2930994310283
84.2356375604567
84.2080846408958
84.1990306464533
84.1480736601325
84.1002681774249
84.1316485789004
84.0951613317834
84.0509736274954
84.0237237863908
83.9484912987029
83.960958857501
83.9230285000011
83.8957505139526
83.9187690928876
83.8644004484147
83.8071858282755
83.8625771166182
83.8044843909693
83.7728885013744
83.7295141336475
83.695523208017
83.6740797333209
83.6723067955737
83.6529966065019
83.6251517036348
83.6096756500347
83.5977457736869
83.5647792388363
83.5611691465719
83.5522917444682
83.5025442249229
83.5151619093721
83.4880706432797
83.5200980725324
83.4798795526235
83.434084682332
83.502487424329
83.4676378781146
83.4210808718235
83.4252488829327
83.3970304587288
83.4178997559695
83.3603376087442
83.3508124026926
83.3620818933572
83.3028429144121
83.3418892182397
83.3163801204381
83.3401590006897
83.2707033494182
83.2869928646342
83.3064231138654
83.2900952521689
83.2778700418705
83.2662237230009
83.2726195563969
83.2519779396827
83.2525815534072
83.2630378758174
83.2230726782073
83.2392908072901
83.2289223704537
83.2690412836603
83.2420131273485
83.222811904999
83.2583629736828
83.229901737601
83.2232980423615
83.215847183501
83.1913768981714
83.2512513859187
83.2083380081346
83.2130089618935
83.1600925353615
83.1867015949377
83.1728877426148
83.186262623824
83.163201134349
83.1620994974446
83.1807196807234
83.1578285558831
83.1606214023056
83.1628176259725
83.1479780930152
83.1610973704919
83.1485753749509
83.1361604009283
83.1543786253152
83.1396968484317
83.1313889536388
83.1401363274619
83.1280669348837
83.1318404513114
83.1169382908827
83.1342765120774
83.113097395926
83.1736126154129
83.1258344836443
83.1437506487404
83.0718682271671
83.1091833967138
83.1061081529196
83.0994282614061
83.0961520365009
83.1018148317308
83.1192683233525
83.0680056542391
83.0859900238239
83.089660393326
83.0896277884175
83.1100087618504
83.0468579327429
83.0774838369452
83.0759847573365
83.062080270535
83.0751531209041
83.0569585558816
83.0724455031576
83.0579930060699
83.0474897014212
83.0639849559846
83.0466618471608
83.0484906959672
83.0366415368222
83.0548593751284
83.0336663211235
83.0844025292909
83.0403622753688
83.066117874864
82.9882217933656
83.0150937437213
83.0045316255533
83.020311552697
83.0096790784611
83.0407040651701
82.974765347642
82.9842316519348
82.9881438821743
83.0108393691028
82.9830989307585
82.9912498378585
82.9838883569459
83.0021168335842
82.9770601403675
83.0225930652712
82.9897338427024
82.9663644902735
83.0037932536948
83.0076245097167
82.9705216792585
82.9869245448514
82.9695162935139
82.9509425143715
82.9842438396053
82.9544653415495
82.9548487863762
82.9606461772622
82.9582770899666
82.945934638807
82.9316373165212
82.9666539675978
82.9466753611439
82.9464036736512
82.9315900747315
82.9295510344212
82.9346500676611
82.9156793893139
82.9489948763062
82.9216033619528
82.9307770675128
82.9154934221064
82.9150494847644
82.9206646414816
82.9045098657382
82.9306956030461
82.9035463565578
82.9197715659309
82.9045173572954
82.904473093069
82.9126001894363
82.8952053098947
82.9208938553806
82.8951191699516
82.9092305761037
82.9019557665105
82.8947406959037
82.9151548981798
82.8921466284823
82.9098341409735
82.8974058796128
82.8976394519694
82.9104185641942
82.8899610056298
82.9132988705101
82.896816320098
82.9001333737034
82.9097658161589
82.8904321534766
82.9181408102094
82.8987046825252
82.9019152265208
82.9151080391945
82.8973539311284
82.917096773417
82.9024099072349
82.9070175982423
82.9190157678352
82.8998379577676
82.9207324100917
82.9084815137944
82.9108229923009
82.9206673836455
82.8998910183533
82.9303225733319
82.9134219938134
82.9103583405934
82.9264972242632
82.905236686601
82.9278975984036
82.91491065522
82.9127637618201
82.9283532688604
82.9068960078716
82.9274943968545
82.9145315871781
82.9115720576389
82.9286945910816
82.9069782654265
82.9243440639658
82.9115329591079
82.9082824613984
82.9260686084066
82.9045825120277
82.9197871450104
82.9058818291833
82.9031794087876
82.9197291108237
82.8997598922015
82.9146213239098
82.8978535150865
82.8992558550832
82.9050476796233
82.8873954694866
82.9149443078055
82.8877359002465
82.8994909919894
82.8901410555042
82.879230141708
82.9056160389536
82.8829161537242
82.8927717341515
82.8765300836027
82.8766490438092
82.8807378132028
82.863995142085
82.8921508771589
82.8640231520269
82.8777306304859
82.8606419567471
82.8590284711456
82.8623267078842
82.8439376335183
82.8766599197829
82.8509131539044
82.8586099836658
82.8398647680442
82.8397338597727
82.8390936511947
82.8253505515816
82.8495895958825
82.8324575392362
82.8392673375896
82.8138800736848
82.8300718967119
82.8130696955673
82.7946819959384
82.8278340259697
82.8230060209131
82.811314505672
82.786238372543
82.8124645887122
82.7878845423843
82.7795587527916
82.7833944386941
82.7702395434975
82.7890928681405
82.7751438373314
82.7903382672276
82.7604735822191
82.7660077531163
82.7525313599394
82.7295729834839
82.7713486059344
82.7795169800735
82.735138273823
82.7493019667101
82.7275078073708
82.7472186767547
82.6747183066811
82.7091535929727
82.7140465305788
82.6866912442642
82.6993390792878
82.6943070279326
82.6904790067657
82.6795645938121
82.6819309120134
82.6839165415187
82.6701128575032
82.672254968273
82.6739430893951
82.6612637100827
82.6636223894908
82.662883345705
82.6535550771938
82.6553904665812
82.6526654166016
82.6482007403046
82.6465362359399
82.6453610283216
82.6408807056406
82.6371989858746
82.640234796237
82.6266039650503
82.6424164352366
82.6243160920148
82.681427330769
82.634612068082
82.6518835118
82.587694322324
82.6179107203748
82.6185659969874
82.6129239712608
82.6435856543128
82.5666789792923
82.6020484350006
82.6103129826644
82.5956726786202
82.6058269518851
82.5926872323195
82.6066210113371
82.5958792131148
82.58661497496
82.604504710361
82.5840114391018
82.5919786628547
82.5885497846232
82.5843161639999
82.6134026950037
82.53923162665
82.5728412573552
82.5896505526557
82.5654657757722
82.5860513270645
82.5728698453082
82.5682079188068
82.5792709300748
82.5606842217196
82.5768943697188
82.5671050367411
82.5575962981785
82.5747392625992
82.5551953490669
82.565986539406
82.5608636773902
82.5555085006493
82.5790713760528
82.5285703692386
82.5543475768994
82.5614780779925
82.5454261186656
82.5664626008588
82.5383276877447
82.5520818880299
82.5544371150055
82.5410485397972
82.5621576331119
82.531045279963
82.5482376009959
82.549051307993
82.5365870444504
82.557153544514
82.5260844535993
82.5452537573942
82.5441432927746
82.5320859185229
82.5510359846348
82.5224810573488
82.5430504952057
82.5370957107696
82.5267632788021
82.5418572536429
82.5221972948275
82.5390741380177
82.53029140446
82.5218212459792
82.5384798736199
82.5171863056653
82.532344769702
82.5275071320731
82.514932815318
82.5334909996688
82.5134132224942
82.5249258885483
82.5207350253381
82.5137963153644
82.5352408066662
82.4951100474513
82.517294574618
82.5200135089353
82.5062065883853
82.526798436198
82.4967923725343
82.5144946210968
82.5126394021454
82.5027675984977
82.5228842635865
82.4887514941378
82.5105853705085
82.5096227863142
82.4935183836659
82.5108572010093
82.4935101150524
82.5069376521975
82.4987589104605
82.4946155949719
82.5151029243825
82.4769400340589
82.5003958265534
82.5012721536478
82.4873684655792
82.506139449049
82.4816141771106
82.5003132124372
82.4945178263163
82.485896041502
82.5024495611232
82.4804374093667
82.4995756860956
82.4918918447499
82.4865902673825
82.5026450334818
82.4789686078797
82.5004062785921
82.4918468939538
82.4897384612386
82.5041952559561
82.4800299883101
82.5039153606776
82.4922923349437
82.4962917117823
82.5083638328322
82.4821338071062
82.5073195193152
82.4960480481646
82.5043042348604
82.5121206531252
82.4897803538424
82.5127342671727
82.5000503058963
82.5136840492903
82.516796471994
82.5007144577517
82.5189052678103
82.505125410074
82.5243848341968
82.5162143048024
82.5185258616788
82.5360185707994
82.5037714631451
82.5322141894638
82.5226277297302
82.5328080126416
82.5413859952408
82.519306074215
82.5391904229814
82.5279359024742
82.5471680828402
82.5387009913763
82.5427008007166
82.5604027804607
82.5266489784355
82.5554001492888
82.5456205137202
82.5584292245118
82.5639089653663
82.5462959440632
82.5624173848614
82.5509511387542
82.5727114855879
82.5601322410366
82.5671918720308
82.5835611313966
82.5498565342529
82.5764145541566
82.5681550653318
82.5788928488234
82.583237823236
82.5658544687952
82.5856054200707
82.5699626516136
82.5881372063841
82.5806562022645
82.57882138917
82.5956796959305
82.5677885498258
82.5929590935871
82.5824188707163
82.5847232633551
82.5943768560513
82.5728916629981
82.5964283973206
82.5799184616192
82.5881780104364
82.5918371537921
82.5760729555856
82.5977266201299
82.5751358934308
82.5885056820435
82.5877349368878
82.5765709432835
82.596944634187
82.5665437525309
82.5857680535739
82.58475859483
82.567055802766
82.5851828378224
82.568328996747
82.5784938630886
82.5687572352032
82.570501320453
82.6028513750097
82.5145749554164
82.5552377515403
82.5678671217266
82.5447654555114
82.5580297471567
82.5467069440942
82.5557007456967
82.5326183266575
82.5561109346166
82.5306805227743
82.5861003797477
82.5466643798313
82.5126707170084
82.5850375119322
82.5396089118019
82.5373662047458
82.4939723328719
82.4848089417255
82.5157244368309
82.4921344260371
82.533220518502
82.496749695011
82.4873660718217
82.4699063314463
82.4896072010035
82.4450659170381
82.4474864533881
82.4609592241844
82.4521603751928
82.4094139476383
82.4280969699879
82.4111497244367
82.4558604288077
82.419733318424
82.4132257424381
82.3737994904424
82.3940362719569
82.3685287410614
82.3936767020123
82.3317298536361
82.3466200767266
82.3525434075951
82.3308441789058
82.3316116557748
82.3043716348455
82.3043638040847
82.2894782811464
82.2807636130652
82.2843225716387
82.2388504047875
82.2519915057372
82.2280767096798
82.2730046485199
82.2320979291508
82.2078641741769
82.2279815931017
82.1880395520535
82.1997159039251
82.1332952806057
82.1489756029413
82.1190694168424
82.1652051725651
82.1233244767408
82.096700801152
82.1129900004495
82.0746521656365
82.044785802401
82.0685970759166
82.0378429018107
82.0163998807801
81.9676878896688
81.9781529084302
81.9571668105904
81.9523120674735
81.8976095925626
81.9408823595463
81.8995615498808
81.8553137320216
81.9239853164936
81.8832103717457
81.8375779025308
81.8132064161195
81.7574819701437
81.7794113849014
81.7128110950262
81.7243216668442
81.6916116124589
81.6391344503607
81.6489753926596
81.6464428548966
81.5942618922498
81.5901347236926
81.5960954049396
81.5555736554122
81.5362295264183
81.4690206644177
81.4413860410201
81.4646039350477
81.4559827519862
81.4446825909887
81.4143039274481
81.3633530483571
81.3238704381319
81.3334620231241
81.2871398814493
81.2658972481143
81.2405405648124
81.1826942394927
81.1508957054157
81.1482513209045
81.1591571595866
81.1063001125429
81.0662061918875
81.0442979641475
80.9714340554688
80.9927686746954
80.9318778732195
80.8914498572883
80.8953781895145
80.8520848684935
80.9126895865468
80.8569192006884
80.8076556263389
80.7705299385739
80.7093992077261
80.6749842492996
80.6929614289875
80.6643671562816
80.6569247022791
80.624060840448
80.6231638425877
80.5731810761381
80.5178981180823
80.4889969845546
80.4070028533158
80.3940448700844
80.3461833423489
80.2803538592056
80.3429200729777
80.2980185936414
80.2530361705766
80.2140029591459
80.1517767751706
80.1192086485703
80.179910301955
80.1128973317262
80.0627073369832
80.0230894873235
79.9626342353261
79.9362118277398
79.9453691329664
79.8955787742241
79.8489897446012
79.810143425984
79.7646504712626
79.7329655456632
79.6669307952184
79.7215453885855
79.675157190384
79.62729398586
79.5865304345481
79.5433299489692
79.5154900870754
79.4740068002294
79.4698336532313
79.3644857682617
79.3845043638478
79.3451873243442
79.3224198182896
79.2709763355885
79.2211720460961
79.2184358431926
79.192515701235
79.1443877359012
79.0959850523245
79.1503226758032
79.1045956323227
79.039608456492
79.0595889581836
79.0263521551755
78.9717092074255
78.9233081968736
78.9285992420362
78.8715604550347
78.8787414864059
78.8538054872026
78.8339428323988
78.794011803752
78.7436201512928
78.70122554097
78.7129361654043
78.6666929839932
78.6506824884343
78.6137816991854
78.5947708843241
78.5588073279787
78.5576938858481
78.5246177679373
78.4888297940634
78.4528983095532
78.4974400304494
78.4451281302269
78.4513778803595
78.418039918542
78.4128011288705
78.3820614556011
78.3389040633005
78.3048921603444
78.3462402372961
78.3084014503683
78.2793851103102
78.2453334220064
78.2765997439128
78.244349115062
78.2202480111223
78.1871122122983
78.2275510597263
78.1980889582431
78.1649720341889
78.1280794152496
78.203700624449
78.1610288569815
78.1220341339453
78.111571109215
78.0992380214394
78.1112661379365
78.056459630762
78.0756015479945
78.0613595262703
78.059850007891
78.0225677614994
78.0541332551559
78.0388180284678
78.0314279922512
78.0491179533261
78.0291943458377
78.0203740145726
78.0038509056964
78.0035100983766
77.9905315281968
77.9506402654932
77.9880940974129
77.9723584438084
77.9971534007917
77.9696035242409
77.9762567767444
77.9363807233062
77.9326069510345
77.9593707616494
77.9382592767441
77.9655380263474
77.9393062451281
77.9404441547078
77.9229762899144
77.9277816032102
77.8931174364669
77.9131211243189
77.8945035065632
77.9066825777375
77.8831588672667
77.8804074860903
77.8897361201781
77.8703520420909
77.8832254128935
77.857529137012
77.8527274159948
77.8651655601618
77.8476547622075
77.8505143323592
77.8189609914131
77.8465073190227
77.8348105267347
77.8305837256372
77.8466622970234
77.8243621143575
77.8192937828068
77.8002412379803
77.808320769793
77.7758953009063
77.7519926618152
77.7854841516038
77.7699005330085
77.7837358800799
77.755561453862
77.7558990606467
77.7228544679164
77.7416973379274
77.7163894506654
77.739181452952
77.6820895585687
77.6986391150752
77.6763978568443
77.7237326165217
77.6899897750272
77.6737553377205
77.6596315732886
77.6660942514165
77.6333933912004
77.6103698303357
77.649407485344
77.6268333591909
77.6254780166258
77.5987384815017
77.6130285317102
77.586024001676
77.5651828298959
77.5748741406266
77.5061788192041
77.5178514100094
77.5253942701605
77.5052048816862
77.4848215027944
77.5459375056503
77.4960346897869
77.4713738456367
77.4421618427589
77.4156732558732
77.4142087399728
77.3754248207256
77.4302614850265
77.3956547425284
77.3728832570054
77.3387513146939
77.3285305906815
77.2900829241683
77.3010841956086
77.2859664263095
77.2531812524717
77.2452380746436
77.2307448227839
77.212911431473
77.1660512554631
77.2153102607549
77.1733495559835
77.1413883209646
77.141247314613
77.0955047690267
77.118719082905
77.099058860746
77.0547521424695
77.0293131050703
76.9840952049972
76.9523030678529
76.9707708136333
76.9406016315679
76.9438264211718
76.9062012563128
76.9164243981903
76.8688591787747
76.8246076956493
76.8085662060782
76.7480488414821
76.6875755014071
76.7067119558586
76.6597914381003
76.6362662062856
76.6614946027843
76.6117114399196
76.5747389894607
76.5475542899221
76.4943912314475
76.4553773204869
76.5145825909727
76.4656683805894
76.4112975054473
76.3671860221938
76.3504657603485
76.295053580211
76.2957090076625
76.3160928799471
76.2497577012271
76.1988493646592
76.1587263179656
76.1053736596284
76.0785941300802
76.0842975746774
76.0416899224171
75.9962664749541
75.9588915920995
75.9456668332528
75.8851163158465
75.8998053405982
75.8939335606227
75.8272852103495
75.7616508420925
75.7729918239412
75.7330778747572
75.7207790938997
75.6813418014561
75.6384601082643
75.5870092517183
75.5609659669325
75.5025024314267
75.5123517703337
75.4608597829597
75.4704063276432
75.431028169378
75.3702759783047
75.3176068968309
75.2919752685672
75.253460836727
75.2080464163081
75.1472917405178
75.1723503697846
75.1459036557135
75.0917100857751
75.0429963486461
75.0201734832506
74.9783284196384
74.9531205348989
74.9107735614382
74.8852397166793
74.8212712650912
74.8293450066303
74.8265196641508
